3000	1000	99999999999				
0	23.589023	22.653711	0		
1	51.103544	48.972687	92		
2	55.610539	37.803385	3		
3	67.038239	28.079920	18		
4	66.072058	38.852309	25		
5	77.853398	43.488861	13		
6	56.653000	25.993446	34		
7	53.269200	39.757841	61		
8	77.494165	53.761857	97		
9	79.135500	31.534332	22		
10	77.219587	28.228967	89		
11	56.986194	29.758609	57		
12	57.547980	37.262429	35		
13	51.788863	32.636728	80		
14	45.849442	40.626924	94		
15	55.238032	33.835932	36
16	68.874857	42.297040	59
17	53.125868	38.827066	36
18	48.950281	37.584499	96
19	45.657823	47.648759	79
20	79.842213	40.457618	20
21	58.346344	43.138697	75
22	36.875915	45.026156	82
23	56.372669	28.544870	25
24	40.538164	35.647131	94
25	54.564541	33.468459	16
26	62.534121	47.948575	9
27	53.687078	39.831018	2
28	26.946123	39.357510	42
29	63.423279	50.303921	72
30	70.965734	11.348257	51
31	62.864362	71.162973	38
32	65.196667	35.035759	89
33	62.886425	44.889958	67
34	48.758403	39.259090	41
35	47.814303	38.240011	78
36	64.173521	61.566382	79
37	46.032016	31.256536	83
38	57.145253	33.859853	2
39	66.928158	70.311889	97
40	50.879244	32.229080	34
41	56.629441	40.661342	53
42	68.808460	66.427482	21
43	52.501411	48.604641	45
44	52.187885	47.860664	73
45	19.197270	63.086581	67
46	52.213832	44.455845	72
47	55.954899	53.562520	19
48	59.967858	36.324240	87
49	46.965206	37.190370	69
50	51.616737	43.594602	69
51	65.381259	44.305221	48
52	29.696833	41.490049	68
53	56.906276	42.242380	48
54	54.786180	48.932325	12
55	58.180882	43.432817	53
56	51.173356	35.425830	34
57	59.784611	40.413081	10
58	76.185674	54.754886	33
59	60.544147	41.921568	48
60	49.144541	43.196769	23
61	71.174595	63.505389	74
62	56.597141	40.225621	23
63	52.984517	33.152023	73
64	61.144879	38.195693	3
65	54.905721	39.874923	43
66	44.992420	46.135472	59
67	72.199571	42.241202	56
68	63.366676	41.960838	47
69	63.035936	41.512353	13
70	71.066463	8.561744	9
71	53.215583	44.796264	82
72	54.996378	37.494433	67
73	37.181430	46.513704	78
74	63.434989	54.345896	1
75	57.355260	44.429426	22
76	59.142637	45.344302	34
77	56.876147	40.223805	54
78	84.229646	3.434686	12
79	62.830485	53.704695	21
80	53.104978	49.144110	95
81	58.376607	42.902297	55
82	48.141187	35.277834	72
83	47.559580	36.618847	73
84	51.670528	46.110207	85
85	29.628131	41.473747	29
86	54.197355	31.738752	8
87	55.131539	42.974562	28
88	58.955214	53.155605	63
89	54.681170	41.101712	90
90	65.670100	40.606622	94
91	54.780666	51.951859	12
92	50.017640	37.995354	38
93	49.636902	37.713864	55
94	59.374907	39.829737	88
95	56.693353	26.341852	50
96	77.995445	2.068566	95
97	28.766923	40.097145	59
98	49.831879	41.204321	37
99	48.903455	42.668527	42
100	51.053365	30.750195	41
101	66.523064	20.493539	85
102	82.172554	23.436714	60
103	80.515906	27.992547	97
104	51.520001	75.913889	42
105	53.926572	33.308535	43
106	66.624938	51.358226	75
107	70.700341	38.999711	20
108	55.694588	36.560889	72
109	78.396255	32.015847	31
110	64.169867	48.366444	66
111	52.963607	36.712588	4
112	68.986372	16.544608	69
113	64.181260	45.665455	56
114	55.616873	45.268511	44
115	76.842002	42.269690	53
116	53.838241	36.273568	67
117	57.332528	32.884343	5
118	79.149583	32.289334	92
119	75.079640	45.770919	91
120	57.078359	37.457278	88
121	72.324409	25.761689	52
122	55.892075	31.014396	97
123	42.979411	44.221252	91
124	60.846844	47.538210	36
125	76.879935	44.280443	79
126	78.542679	55.645328	97
127	78.661173	56.157823	65
128	59.646632	49.584302	51
129	34.829642	46.106181	99
130	68.242720	71.131889	12
131	36.365442	45.509819	97
132	65.478774	18.950277	67
133	77.206933	35.137875	54
134	54.180623	31.635784	9
135	55.229929	28.698214	82
136	55.862636	31.074397	13
137	47.037343	40.742785	34
138	56.326941	48.925527	81
139	64.525767	41.460732	75
140	81.739448	19.628816	10
141	60.375150	38.152551	71
142	71.026534	9.678999	61
143	40.430181	47.731006	50
144	58.819648	45.367832	75
145	55.069802	42.790060	6
146	61.264189	65.841389	97
147	77.267335	54.957860	76
148	38.931100	50.807047	13
149	54.945159	48.556140	54
150	52.969589	36.977086	46
151	73.047213	3.888932	47
152	59.033042	45.966053	71
153	31.923162	41.989155	86
154	52.147319	43.002728	90
155	52.650574	41.509162	48
156	41.466262	51.344084	100
157	80.069408	9.359639	93
158	45.830555	37.428921	8
159	56.092427	41.858312	27
160	42.936241	46.931674	11
161	67.019200	20.212785	10
162	62.403671	48.722083	3
163	78.642725	32.359843	18
164	57.773886	47.571451	99
165	35.339385	46.019769	42
166	36.632448	44.573752	39
167	54.924208	32.924446	60
168	55.346726	30.282986	92
169	56.401600	24.161857	17
170	56.364027	37.865828	55
171	78.473608	27.363515	25
172	50.793538	38.249837	90
173	50.601012	36.583411	90
174	70.955107	34.045011	12
175	53.607954	32.034493	85
176	60.091544	19.826166	39
177	58.848282	40.128145	8
178	80.241095	23.899837	64
179	36.582817	48.571590	89
180	52.394815	41.569919	22
181	42.590346	43.090109	30
182	49.884794	36.810370	45
183	47.138584	34.435376	70
184	68.227575	37.816877	57
185	78.949976	54.674820	68
186	56.899607	38.006286	12
187	56.617258	38.617301	19
188	53.790651	37.320524	28
189	56.647458	51.875901	20
190	31.673511	47.001138	3
191	42.563678	47.357008	71
192	51.852893	40.553784	26
193	79.724861	24.861926	12
194	67.575157	50.772652	2
195	80.029794	38.247817	33
196	77.528273	40.417679	19
197	75.335941	49.874412	22
198	64.747903	54.587190	5
199	48.725267	38.088424	83
200	58.038949	34.846318	85
201	49.600956	34.187294	20
202	56.462987	42.114913	53
203	67.521814	72.050389	85
204	67.553739	49.261812	13
205	54.482375	48.640237	2
206	58.168393	35.907815	41
207	55.264805	43.174059	49
208	69.425876	71.136389	34
209	69.918493	39.423775	27
210	68.300439	71.753889	53
211	59.736791	20.571721	16
212	60.463972	45.279739	14
213	51.242838	40.996291	85
214	70.534219	39.852233	43
215	56.669225	41.117356	8
216	57.275286	27.205305	7
217	54.597783	72.363389	73
218	82.833971	8.290988	54
219	58.202408	74.047389	83
220	70.210576	9.513267	51
221	53.682096	47.831058	96
222	75.727840	16.504425	63
223	57.074312	30.898848	54
224	69.667867	42.695026	27
225	54.414455	31.054246	46
226	54.061928	33.024978	5
227	51.877699	42.002262	38
228	55.896349	28.880889	43
229	67.349220	71.835889	18
230	26.250630	38.460761	92
231	24.817625	36.408301	77
232	52.063726	48.447659	79
233	60.614189	74.187389	64
234	57.030931	42.765390	7
235	51.883650	48.754161	85
236	60.804448	47.097714	45
237	79.384844	38.199831	67
238	43.756134	44.029020	57
239	84.281047	13.255232	49
240	52.675754	49.183125	64
241	60.477612	21.259606	68
242	65.627627	52.408249	4
243	49.427544	38.581359	52
244	56.178942	24.119165	3
245	78.404597	25.974455	71
246	42.537563	43.467732	11
247	53.386314	75.721389	10
248	50.368329	43.007296	24
249	39.757580	48.363869	45
250	82.333727	7.304994	81
251	74.467384	11.756967	24
252	56.479426	40.990367	73
253	50.587325	41.171804	46
254	57.375010	27.558828	5
255	31.504051	46.795819	87
256	49.787896	39.665840	9
257	62.114494	43.834489	63
258	58.564899	34.443295	33
259	20.135939	38.975688	11
260	60.810339	40.265995	84
261	52.828321	47.209652	97
262	75.560966	56.175897	77
263	56.000898	48.145582	95
264	53.556452	50.008141	83
265	65.997830	21.411050	96
266	78.355484	33.383851	20
267	49.305961	33.152818	25
268	55.716712	37.531379	59
269	56.846226	33.671865	24
270	67.030733	51.242193	21
271	51.419868	47.498696	16
272	76.387028	17.727917	44
273	65.641454	37.389058	34
274	79.343865	53.905812	62
275	63.419716	48.128695	22
276	82.120690	23.162992	52
277	56.712012	27.415289	28
278	55.361890	30.940949	45
279	67.493344	28.172091	97
280	44.334948	48.252570	85
281	75.859524	41.845219	4
282	57.972679	44.256365	37
283	53.803012	42.219210	26
284	57.836343	24.217104	14
285	85.032038	13.504718	84
286	62.378947	38.377321	91
287	57.985703	35.888323	56
288	21.087600	38.712824	63
289	52.839414	44.129172	56
290	45.147723	49.719195	84
291	26.250630	38.460761	14
292	30.342134	43.465620	14
293	56.315016	38.045330	63
294	33.088325	45.799111	2
295	45.254429	45.529909	32
296	63.611689	73.424389	88
297	45.661736	37.196929	62
298	53.679650	41.957718	8
299	34.312594	47.449611	74
300	53.184211	43.817198	76
301	66.514701	39.491814	7
302	54.084192	31.837982	56
303	54.777851	25.341672	67
304	33.995558	47.244939	59
305	37.729226	44.068164	38
306	55.232607	31.488954	43
307	54.121665	47.543742	28
308	57.554948	48.236171	20
309	50.703022	47.939215	51
310	38.572755	43.247277	100
311	55.181151	50.018675	43
312	50.312089	47.973728	70
313	70.142662	14.514998	7
314	56.402248	51.595102	61
315	55.266908	31.514028	58
316	43.703218	47.633299	66
317	36.398017	47.552442	80
318	57.490549	36.007844	97
319	63.123752	42.342368	69
320	37.982017	44.768302	64
321	48.888900	33.774323	58
322	67.461269	53.236687	26
323	62.087028	70.989492	26
324	51.239582	47.406703	2
325	61.095054	38.857197	35
326	56.175057	24.292666	79
327	58.456813	27.778287	41
328	78.801940	34.296670	94
329	20.535334	38.762820	25
330	64.984138	35.853075	63
331	54.523379	41.855199	41
332	79.130714	8.360978	77
333	56.431553	50.734558	43
334	57.728235	32.107324	81
335	77.990095	54.650843	6
336	80.102272	37.775816	38
337	51.951297	44.793347	66
338	28.471190	40.964029	94
339	66.141787	53.208752	15
340	65.809364	45.410527	20
341	49.714785	41.874317	99
342	35.664833	45.889600	45
343	48.176573	31.972362	51
344	60.272314	74.506889	45
345	66.345580	17.801765	91
346	61.766620	42.198476	19
347	58.113550	31.663809	28
348	51.603439	67.562389	74
349	75.462992	41.204731	66
350	58.636050	74.751741	70
351	45.901037	32.009920	99
352	79.503667	23.785810	27
353	63.001434	39.731809	31
354	60.536673	42.458585	45
355	66.883325	51.908836	2
356	27.877398	39.976685	83
357	56.529117	35.583884	42
358	40.517845	34.784614	53
359	56.453371	24.511356	30
360	76.981093	46.657377	21
361	64.874893	18.230520	64
362	58.336098	41.354729	58
363	61.134994	43.959082	86
364	60.989612	21.090793	69
365	58.442295	46.727045	85
366	77.145911	34.367376	97
367	51.466283	66.449389	47
368	54.413959	44.297379	41
369	56.463378	49.511847	65
370	53.034475	42.492775	99
371	55.238787	49.500681	59
372	56.165618	51.703128	36
373	51.236483	43.766753	2
374	67.168556	16.665386	58
375	58.716900	18.549611	24
376	54.353110	46.048836	53
377	45.645961	34.315539	66
378	76.498753	37.602141	57
379	52.117226	48.441657	80
380	53.962130	48.583888	64
381	59.200408	37.041889	23
382	40.201391	35.229135	53
383	77.661824	44.093364	48
384	47.375826	34.201869	36
385	51.246283	76.073889	57
386	55.136647	44.754304	14
387	52.161527	34.401456	4
388	77.350540	46.352869	82
389	83.016433	7.564731	60
390	46.017921	31.091248	89
391	53.546940	36.779544	66
392	55.234035	36.965419	72
393	65.582269	53.661796	44
394	18.467936	39.934246	79
395	54.453028	31.918392	49
396	55.930420	50.645263	67
397	27.795400	40.127757	77
398	57.484389	22.407858	72
399	81.761196	19.417314	47
400	19.043014	40.365886	47
401	55.955057	37.476362	68
402	78.716139	36.274845	84
403	65.879189	37.056035	65
404	55.116981	46.080911	65
405	58.963559	21.675974	50
406	50.377379	35.244749	37
407	49.347068	50.206914	43
408	56.098189	38.304344	22
409	57.448161	43.009404	43
410	45.660656	33.460693	35
411	80.185821	30.095821	29
412	60.354501	73.983889	78
413	72.865056	14.568128	27
414	56.681281	22.901344	44
415	58.524673	18.318002	62
416	64.432450	47.217428	41
417	53.304656	41.786730	89
418	54.154014	47.817110	24
419	83.110163	3.913462	34
420	78.805317	41.035143	59
421	65.175832	39.381634	17
422	60.038875	48.487272	89
423	51.034874	40.347681	97
424	43.052829	38.923104	85
425	56.436152	34.106383	3
426	58.793228	41.414959	59
427	50.690413	42.035291	25
428	53.175814	40.528382	52
429	62.849645	53.087612	15
430	53.366302	29.622993	9
431	48.870486	50.763498	60
432	56.348408	72.467389	16
433	64.037312	45.456735	94
434	72.382975	25.449174	11
435	64.410469	58.716350	16
436	34.399917	47.143759	36
437	46.968239	34.586142	53
438	53.410411	28.385576	97
439	41.792714	35.219575	93
440	64.413216	38.194165	10
441	77.061956	33.169375	42
442	57.142856	37.493273	65
443	52.648052	29.673522	71
444	51.332450	38.454728	64
445	69.763259	38.500774	81
446	52.216473	34.684148	81
447	71.961087	39.632481	27
448	58.974748	44.026910	79
449	44.757488	35.059462	65
450	77.880641	44.028860	25
451	61.401262	39.734433	67
452	55.350255	41.282885	63
453	54.984178	31.522240	47
454	67.290783	62.192389	51
455	53.123710	47.063645	28
456	35.327515	45.294398	73
457	64.483157	47.042425	90
458	56.542504	42.765830	82
459	34.799196	48.466600	8
460	79.634498	8.820920	9
461	69.792668	10.461031	67
462	34.101045	48.388853	12
463	76.267712	43.067203	35
464	68.917828	53.678429	94
465	57.872262	35.925328	62
466	66.903834	18.736523	43
467	56.132982	46.837804	72
468	69.763230	38.877779	17
469	75.168568	46.710917	19
470	52.234036	46.625681	96
471	50.974699	43.772501	80
472	77.131458	47.792013	87
473	53.250877	34.174521	19
474	55.888681	40.104880	64
475	53.719311	31.467437	80
476	60.167326	44.611687	63
477	52.218175	34.166975	12
478	42.946571	46.365876	14
479	66.053410	37.856037	40
480	66.418026	34.815097	72
481	76.952972	53.797869	14
482	67.802199	40.499453	92
483	51.652310	30.490066	53
484	58.271231	74.297385	26
485	20.337085	39.459765	81
486	58.244719	24.888673	13
487	79.842470	24.538966	53
488	49.760481	34.534783	40
489	46.843238	32.374898	1
490	52.286533	74.776889	78
491	69.667564	71.444389	48
492	65.769776	41.178626	39
493	66.568882	38.937019	16
494	58.265971	50.932430	100
495	49.867911	34.134376	65
496	57.075123	42.709384	74
497	68.490702	30.178227	47
498	51.282108	48.929681	39
499	17.313345	63.187258	91
500	66.370003	55.151971	25
501	59.084351	44.380773	68
502	76.768379	41.801694	16
503	51.610741	42.259828	65
504	57.882439	72.787889	45
505	83.195023	7.044725	49
506	66.206251	70.501889	46
507	56.785502	24.037143	13
508	42.991428	49.328631	5
509	43.447652	44.432394	91
510	8.082466	57.273305	18
511	70.662040	18.176099	56
512	40.578058	48.213022	86
513	48.360419	38.194022	22
514	74.393037	39.833434	63
515	54.391266	39.740964	81
516	55.817722	46.672786	65
517	51.155994	39.074319	64
518	84.716845	13.613725	91
519	79.332326	23.742017	18
520	49.316263	39.796108	83
521	54.473087	48.732733	98
522	65.634832	39.165683	43
523	73.648830	56.224442	84
524	54.836848	33.701948	51
525	67.777828	52.127123	63
526	54.168908	40.994889	81
527	57.819876	75.922889	44
528	62.123464	41.550928	90
529	54.062098	35.257515	7
530	56.090849	50.744215	50
531	68.315670	50.352595	93
532	49.354541	37.405872	46
533	61.913313	43.399499	48
534	47.488397	37.996465	72
535	44.709240	45.952984	38
536	56.525473	50.673224	18
537	45.455347	36.432437	44
538	70.742365	18.734975	41
539	55.935072	47.751479	47
540	40.503383	35.333626	52
541	54.133224	29.159460	77
542	54.582245	44.580644	43
543	78.811952	27.598468	57
544	19.177117	63.137326	59
545	54.677851	48.443381	81
546	53.151405	43.048212	90
547	54.569026	46.859088	89
548	75.405010	54.960403	6
549	40.385945	49.258515	79
550	54.696936	29.040937	58
551	67.768283	71.486889	33
552	51.324945	46.525212	54
553	80.334411	27.784394	83
554	58.218726	32.482805	97
555	57.432442	23.928118	51
556	65.789064	52.391511	13
557	40.839738	49.265826	11
558	70.127681	11.176525	44
559	57.411358	22.594702	53
560	51.416178	38.637320	97
561	51.694193	68.697409	96
562	66.523837	59.972793	98
563	65.859681	42.860154	17
564	54.093489	31.640331	28
565	47.278795	33.243878	74
566	78.522335	26.691709	15
567	52.435217	49.283633	93
568	78.146169	27.442014	71
569	31.673511	47.001138	87
570	42.991537	43.451038	27
571	57.926291	74.456715	96
572	55.773954	32.042904	69
573	65.571355	40.589129	82
574	44.871250	34.938457	3
575	50.436332	43.531391	38
576	51.050151	40.911797	48
577	62.782626	73.043889	5
578	76.887179	47.204879	42
579	77.729278	37.871594	39
580	71.646567	42.458090	11
581	68.468982	49.706588	34
582	64.729405	43.809271	79
583	49.543905	37.038373	23
584	38.660110	48.684418	45
585	59.866495	41.727117	7
586	60.573668	24.270458	42
587	54.544082	31.034202	97
588	69.331223	15.657484	18
589	63.793028	57.011256	59
590	55.037894	39.132918	100
591	56.564054	23.216149	86
592	53.644164	46.833131	89
593	74.154341	5.102412	24
594	53.634506	32.436493	51
595	66.167195	41.698105	46
596	64.039069	41.819280	7
597	53.650965	30.499485	32
598	53.376425	37.083518	14
599	65.760418	34.352878	79
600	82.107282	23.107241	37
601	52.319226	49.089140	2
602	63.377376	49.863500	12
603	58.868565	48.027865	10
604	48.895445	34.893809	57
605	48.218828	33.866344	93
606	54.261912	49.871128	50
607	75.723955	49.043404	88
608	31.753874	46.678006	10
609	62.427216	41.361898	91
610	49.953417	43.174731	64
611	65.835731	38.693070	92
612	76.392932	42.889700	88
613	54.251897	49.591060	87
614	75.361041	46.589913	26
615	47.333789	40.207392	87
616	52.781489	37.560098	91
617	69.451814	40.741528	33
618	48.555527	37.483414	20
619	53.618681	31.069476	1
620	80.492933	23.859026	58
621	62.362305	50.522080	83
622	52.269002	30.322540	63
623	56.450651	45.399223	66
624	58.064595	75.779889	47
625	54.847665	33.529947	10
626	58.580486	41.010697	88
627	51.754428	35.659618	42
628	55.905897	34.153894	57
629	9.310323	37.078625	16
630	54.677414	45.227593	51
631	80.869408	23.796970	29
632	67.847993	52.280430	77
633	53.210888	36.671570	60
634	79.671583	61.427114	93
635	64.472304	51.940400	24
636	51.011374	49.788679	15
637	76.594561	37.849842	30
638	52.724881	40.950258	3
639	74.122762	9.782650	23
640	53.806218	38.184018	58
641	65.647340	46.122339	90
642	53.980004	49.561642	64
643	79.095619	33.956337	34
644	55.203729	33.995943	39
645	6.528369	35.165238	74
646	65.920857	45.536697	2
647	53.760665	49.211930	26
648	53.663100	38.572527	46
649	51.552385	40.082797	96
650	65.692898	37.269552	89
651	54.042943	30.849631	96
652	71.933227	20.684518	60
653	55.168189	30.855535	85
654	57.442462	18.216837	53
655	63.169716	45.780533	46
656	56.891285	38.163285	51
657	77.159016	26.720243	62
658	75.740256	17.387679	35
659	44.362755	42.976020	87
660	43.208302	43.930254	38
661	64.167132	57.710709	97
662	72.205411	38.450837	80
663	53.157575	37.148571	57
664	56.063915	39.762352	23
665	57.103493	32.986352	40
666	67.672493	51.633951	36
667	57.836482	53.577649	87
668	70.203271	34.044847	66
669	45.429288	34.572436	78
670	59.803432	40.768091	94
671	83.009939	59.477889	94
672	63.430053	53.486571	25
673	42.919905	49.683244	53
674	54.307110	29.829518	59
675	47.714349	32.358871	76
676	59.993803	36.128239	56
677	37.304958	44.136098	46
678	67.579158	62.924889	36
679	66.636373	27.291942	44
680	66.606497	55.017698	56
681	51.379242	49.264672	92
682	45.327745	34.990940	11
683	64.480765	46.549928	23
684	54.265473	46.081231	72
685	61.812206	40.872934	25
686	57.948645	36.724689	52
687	46.902052	44.509181	24
688	58.801631	43.588270	33
689	74.599570	5.241403	92
690	65.257177	40.128644	71
691	54.616971	38.502454	14
692	78.971034	31.104333	68
693	54.564541	33.468459	2
694	59.838832	49.194287	68
695	82.619361	18.366791	89
696	47.345361	39.946452	64
697	62.631655	41.243878	92
698	51.036578	41.756786	41
699	32.142399	42.151423	35
700	71.839130	7.794474	24
701	44.556037	34.874468	93
702	71.774402	34.366325	35
703	53.909910	45.631685	84
704	55.672675	39.056870	44
705	80.457906	27.716898	50
706	54.335924	45.282695	65
707	56.440320	39.619805	64
708	57.024436	36.485865	32
709	54.651873	49.202594	79
710	66.047908	43.560889	14
711	70.510478	8.129005	33
712	72.027924	9.313214	7
713	63.565085	57.105099	8
714	70.849532	70.783389	65
715	55.647666	34.875906	7
716	78.851609	25.218707	19
717	57.360780	18.404604	30
718	60.949483	74.131944	59
719	78.668026	33.164344	70
720	55.152997	28.499015	91
721	70.113441	42.077018	45
722	19.921865	57.640238	43
723	49.263420	37.317875	77
724	45.761260	33.911924	60
725	59.344564	65.126889	14
726	80.611229	55.325778	68
727	47.308791	34.684823	38
728	37.768923	43.760488	53
729	75.693657	27.026979	13
730	54.510152	48.934710	84
731	57.328562	44.910478	54
732	44.357113	46.421293	5
733	52.385639	35.408134	18
734	59.089263	45.278305	96
735	67.685626	27.742909	82
736	52.117281	48.562656	99
737	40.590677	44.223701	97
738	76.071613	46.586398	32
739	58.065878	42.585796	70
740	58.468662	36.920262	32
741	64.489243	50.935030	60
742	53.218859	40.827748	26
743	55.619303	28.745637	47
744	74.270379	5.473081	60
745	59.517156	72.270169	83
746	58.532111	20.977698	83
747	7.770430	36.454315	44
748	73.492205	52.835950	71
749	53.682002	45.550310	62
750	70.130807	11.239276	46
751	59.651346	53.088880	82
752	50.118798	41.059816	92
753	59.831820	49.282415	12
754	28.000486	40.934823	9
755	65.308889	43.300710	75
756	67.032908	43.878889	44
757	57.448262	37.936745	68
758	64.904005	41.763565	58
759	52.639708	44.891021	99
760	53.142667	34.858082	56
761	56.356580	28.356370	31
762	60.209935	36.914231	2
763	78.987905	55.323318	85
764	53.849979	50.461383	72
765	51.274917	31.160085	9
766	68.414030	15.563062	23
767	53.514543	34.779557	71
768	52.041064	74.976389	57
769	57.450188	22.333332	65
770	73.109453	39.537459	12
771	28.259944	40.861101	68
772	62.094347	45.151535	64
773	60.452459	44.033779	51
774	52.066941	39.051302	75
775	80.043639	27.134785	91
776	66.905379	55.018828	95
777	56.208408	72.744389	76
778	45.762118	34.392424	98
779	37.619821	43.728822	99
780	50.959948	42.408905	25
781	46.989380	36.128874	36
782	58.988743	35.555280	20
783	56.773026	35.238372	71
784	56.808532	25.196844	58
785	78.690468	32.898344	52
786	53.740218	38.668520	59
787	56.414546	30.890375	52
788	49.595998	43.447894	72
789	50.894398	32.597660	96
790	54.025034	31.062378	7
791	60.805955	50.217208	36
792	56.364638	42.318929	70
793	68.570521	40.412391	58
794	46.389973	35.530400	5
795	48.441395	33.189843	82
796	48.558450	33.388951	8
797	58.771907	23.039026	21
798	50.841958	39.756317	15
799	10.339259	56.967901	65
800	55.719810	43.939550	57
801	66.067389	36.805017	20
802	49.852640	35.724261	62
803	50.918754	46.508226	9
804	65.920045	42.094133	94
805	55.705916	25.164186	79
806	23.846965	39.348916	17
807	58.118336	44.697869	39
808	67.565909	39.213863	41
809	59.156126	74.426389	4
810	67.143283	44.143389	38
811	9.057364	35.163848	15
812	54.028878	41.190223	50
813	46.973406	35.924309	91
814	54.681596	40.372937	13
815	55.746003	41.204846	54
816	78.443083	33.931814	53
817	56.350122	38.815320	27
818	47.165890	34.185876	33
819	55.374795	29.965414	29
820	56.727424	23.570144	66
821	67.697168	41.761483	40
822	78.620888	31.890842	19
823	27.270221	39.772334	55
824	42.870040	43.174758	93
825	49.902783	41.936811	22
826	77.066518	33.213375	87
827	62.642199	21.220673	19
828	59.361339	65.343393	82
829	55.585404	41.297358	2
830	55.643144	30.611905	10
831	60.710885	49.621717	7
832	7.855600	48.607522	94
833	58.293727	38.823575	17
834	41.385003	34.818083	24
835	61.824156	46.950134	85
836	58.400345	74.795389	27
837	66.984835	53.803180	96
838	55.077822	34.028952	60
839	43.530624	46.156329	77
840	75.141056	17.723443	8
841	52.638581	43.839713	32
842	55.839663	49.949088	75
843	55.063948	45.342418	17
844	67.439839	53.248957	11
845	56.758943	33.747368	74
846	77.648230	34.770366	85
847	71.260133	9.717244	60
848	52.700485	38.545100	97
849	75.581481	19.637372	87
850	56.440320	39.619805	57
851	57.836699	20.778535	31
852	60.984450	42.280043	93
853	46.980976	34.890380	22
854	84.289316	12.407478	28
855	79.634319	24.801967	17
856	56.955756	27.580344	91
857	33.943038	47.399011	9
858	56.770954	38.778907	58
859	54.850999	43.883150	60
860	56.691700	51.226024	8
861	55.162095	24.282622	49
862	49.997482	42.905477	58
863	57.765397	39.266199	42
864	57.417519	24.709395	73
865	57.619219	49.226870	24
866	18.634541	63.253431	51
867	62.066302	46.392617	41
868	73.548129	7.088183	39
869	53.248666	34.623738	79
870	52.601624	37.434112	55
871	55.191003	49.757099	96
872	44.715644	43.836912	56
873	65.638488	30.675892	42
874	79.525246	38.674827	43
875	52.362812	35.154637	53
876	61.109649	21.242217	96
877	56.630937	33.968374	25
878	62.111197	49.392604	52
879	50.829744	40.429808	47
880	74.668709	56.393917	9
881	46.437161	42.517404	98
882	54.362484	34.081501	16
883	53.994525	47.072615	43
884	45.631569	32.985428	83
885	49.433686	37.636369	74
886	54.892814	48.676549	56
887	75.004110	41.442243	69
888	50.428890	35.426744	11
889	65.849235	35.525317	100
890	48.847186	39.711439	10
891	57.423595	75.365389	26
892	49.567352	41.114328	22
893	76.912239	26.745688	76
894	19.961540	57.896497	35
895	54.876731	50.254884	48
896	65.763974	17.958517	8
897	50.011238	42.242805	11
898	63.106086	47.105533	74
899	64.502166	61.436394	92
900	53.166898	37.450069	4
901	46.697987	47.145430	82
902	53.490326	39.411036	2
903	54.213787	42.476821	6
904	78.933254	33.019839	51
905	54.681605	33.435454	43
906	52.383317	42.580548	36
907	52.078702	46.478689	91
908	51.562269	39.412306	13
909	19.726175	40.567781	65
910	60.813491	42.268556	18
911	70.792071	11.044010	42
912	79.721092	27.660029	17
913	57.404954	30.842835	97
914	61.054434	39.486966	14
915	70.990720	71.091889	13
916	64.957732	33.889747	1
917	46.631958	35.982889	77
918	53.824313	45.769419	80
919	38.952940	44.604056	45
920	59.273481	44.489342	53
921	54.137905	30.514281	19
922	53.177620	48.291122	93
923	77.186336	35.387376	42
924	19.239782	62.899429	89
925	64.516623	43.926292	34
926	49.855328	38.578851	46
927	77.454789	26.186191	23
928	77.969964	34.181359	15
929	45.031950	32.920445	21
930	52.072386	49.059650	87
931	73.215372	4.234804	99
932	67.477642	30.160861	69
933	50.765944	48.940699	46
934	77.186523	39.829690	92
935	84.179420	13.246234	4
936	65.120222	39.548142	95
937	47.744450	41.094310	95
938	73.513058	39.220451	33
939	50.503569	41.880297	28
940	65.982197	37.360533	78
941	81.922627	7.466503	2
942	57.439344	31.466335	72
943	53.846380	50.404399	67
944	52.114501	75.667889	38
945	43.820114	47.916374	50
946	54.078713	34.466519	25
947	65.450299	30.528893	71
948	82.361037	2.707223	41
949	82.107282	23.107241	19
950	55.118299	45.959124	73
951	65.669012	38.747583	3
952	53.747546	45.173142	70
953	79.008486	38.633339	50
954	56.825690	24.087341	71
955	75.038244	17.999196	14
956	56.682210	35.234801	92
957	79.371816	8.176232	93
958	35.476039	45.263309	88
959	57.395191	38.583242	40
960	49.756353	38.081858	46
961	50.958348	49.089190	79
962	55.243310	43.107558	4
963	19.252380	37.709131	29
964	54.642883	25.318927	33
965	68.713109	16.057196	68
966	52.099171	31.000050	69
967	42.387558	48.279320	1
968	53.676465	48.228355	78
969	58.750916	52.942320	79
970	50.889732	32.969798	72
971	59.515342	35.956475	4
972	53.476595	75.039889	73
973	79.439300	27.709978	25
974	64.253527	61.197456	44
975	54.819832	34.979370	14
976	53.258289	38.140059	97
977	55.887734	29.679892	81
978	51.434250	44.539558	61
979	55.651495	41.329852	91
980	69.116720	14.776635	4
981	57.387095	35.357847	69
982	58.268590	26.674592	77
983	49.256622	50.246442	99
984	66.671595	52.329715	67
985	51.812815	41.666856	100
986	21.263878	38.477588	9
987	60.299294	20.886950	55
988	73.790135	7.725600	16
989	75.433610	46.066412	12
990	58.133867	42.722795	55
991	73.326523	39.222454	82
992	67.392109	41.494502	64
993	63.895193	33.910184	37
994	63.949964	46.223133	62
995	62.427683	43.719964	82
996	49.367315	38.765358	56
997	56.999378	25.366540	27
998	66.047413	52.865263	90
999	53.854722	38.119515	6
1000	51.810773	41.151776	15
1001	58.349265	51.834246	85
1002	61.757253	43.884641	35
1003	66.240862	40.924427	96
1004	50.722445	38.826331	28
1005	74.669941	14.060685	24
1006	21.555037	37.696095	67
1007	60.258768	49.859753	58
1008	55.272031	35.108931	61
1009	25.071891	37.723871	35
1010	25.227931	37.722623	82
1011	64.477939	45.779931	74
1012	77.764076	42.279165	40
1013	51.788003	48.477169	84
1014	58.825970	75.097889	11
1015	62.359670	49.365085	5
1016	55.020644	39.607416	29
1017	62.670422	41.441381	96
1018	63.991696	22.734074	49
1019	57.399428	24.482821	84
1020	53.031468	44.678322	5
1021	65.160304	50.389353	15
1022	64.043284	44.788469	58
1023	79.935909	27.045234	83
1024	33.831079	47.260448	80
1025	63.668659	61.650192	42
1026	77.760114	32.036859	7
1027	78.218713	41.268657	51
1028	52.247908	42.240749	97
1029	47.932011	36.379332	93
1030	49.780917	41.835315	72
1031	81.629734	57.401746	84
1032	65.302095	34.116172	50
1033	55.991843	47.226820	78
1034	70.494925	9.297260	5
1035	57.792618	35.713478	82
1036	76.360820	43.359980	86
1037	51.221126	76.022889	14
1038	54.129373	42.559695	40
1039	69.317432	41.429532	96
1040	48.406565	39.698755	2
1041	51.206800	41.143790	99
1042	46.185746	37.404405	25
1043	64.814414	42.689284	46
1044	53.599755	45.544073	59
1045	61.803408	19.767191	69
1046	77.191755	32.133870	27
1047	74.083863	7.442422	37
1048	55.212315	31.203189	29
1049	51.115986	47.499206	2
1050	60.681514	47.427723	6
1051	56.618564	31.421868	68
1052	53.481880	32.460000	65
1053	53.615598	38.600530	18
1054	49.847101	39.978335	56
1055	74.954272	8.922909	13
1056	55.371426	32.731738	32
1057	47.661429	34.734356	41
1058	44.342049	46.469212	14
1059	57.401545	50.686723	70
1060	60.008718	53.224374	40
1061	66.518332	53.742716	73
1062	60.699938	47.174415	24
1063	51.852777	49.430152	40
1064	56.579908	23.069848	25
1065	63.440159	42.173338	33
1066	50.815049	35.608250	20
1067	52.419945	30.666740	58
1068	49.652117	37.264912	62
1069	60.117700	42.011903	35
1070	65.538414	34.246417	93
1071	66.132666	41.705608	29
1072	55.658189	75.195389	59
1073	74.634035	52.069425	66
1074	19.836985	38.482919	24
1075	58.214169	39.199662	13
1076	52.578957	33.046540	20
1077	64.254725	50.181928	51
1078	79.623903	8.462609	40
1079	67.360407	38.677955	37
1080	61.851958	43.665012	31
1081	79.307521	58.339300	20
1082	57.681008	47.857545	35
1083	53.941814	38.140508	41
1084	78.691733	25.415545	81
1085	66.196939	70.722389	8
1086	67.268977	39.139338	68
1087	42.936241	46.931674	43
1088	78.249691	34.074854	59
1089	62.550150	38.537312	69
1090	50.438008	41.894799	91
1091	71.392626	71.095389	5
1092	51.464628	47.922688	31
1093	47.880525	35.335843	99
1094	52.877534	44.686925	92
1095	51.453814	67.275889	66
1096	51.849083	48.268670	14
1097	53.777070	49.234649	74
1098	79.501557	39.870130	36
1099	61.468500	45.023086	80
1100	54.607607	33.356956	4
1101	67.133848	39.992996	26
1102	52.250710	42.504140	26
1103	55.502344	36.970899	31
1104	54.691888	45.324182	37
1105	66.421359	18.284019	56
1106	56.159389	37.609335	29
1107	54.344001	76.139889	74
1108	57.396519	30.741835	89
1109	54.607281	36.181471	49
1110	56.167545	52.663053	26
1111	33.747139	47.010913	32
1112	68.414607	49.379096	49
1113	47.096690	35.544872	62
1114	68.446239	21.214022	91
1115	40.300324	48.816131	7
1116	78.885412	25.999213	10
1117	81.996101	21.117069	65
1118	46.723346	37.922878	49
1119	52.161001	34.568198	25
1120	45.155310	36.183950	11
1121	56.435831	34.432384	89
1122	57.462843	38.639736	2
1123	49.128915	39.241358	6
1124	40.402917	48.156191	36
1125	80.596502	26.854845	65
1126	57.441917	36.067847	59
1127	37.719512	44.472337	26
1128	62.179354	45.871550	84
1129	44.704992	33.451457	14
1130	56.233038	30.007379	11
1131	27.905463	40.285254	63
1132	77.408786	28.632164	10
1133	27.583771	39.763759	21
1134	66.221722	45.167300	44
1135	64.613427	42.229743	96
1136	55.773715	24.440682	93
1137	47.127240	32.181888	36
1138	48.785679	39.292552	97
1139	61.683350	41.596965	37
1140	71.646567	42.458090	66
1141	65.006618	42.431215	80
1142	63.894085	61.616259	13
1143	41.775371	34.898070	24
1144	63.692573	41.650283	85
1145	48.217636	40.136044	68
1146	54.275019	42.784687	7
1147	56.821420	45.443527	41
1148	57.128031	40.465794	8
1149	67.294521	39.337472	50
1150	48.450116	38.072774	87
1151	61.473408	39.210699	49
1152	68.408581	16.763772	40
1153	52.101460	48.161162	7
1154	51.618244	41.106281	44
1155	76.916477	41.386692	10
1156	69.836691	39.356780	77
1157	56.265607	41.948797	90
1158	66.110482	45.695305	84
1159	66.913220	63.243389	24
1160	52.335394	34.880481	42
1161	54.325861	38.319478	91
1162	68.633557	14.551164	50
1163	60.145252	35.820189	72
1164	44.823163	33.612954	56
1165	51.273005	33.822362	26
1166	49.856919	33.465580	71
1167	37.144546	44.912631	41
1168	54.538409	33.733961	97
1169	58.069342	45.106889	99
1170	21.426891	37.937310	48
1171	58.570127	45.840871	67
1172	78.924839	8.985652	29
1173	51.898941	48.528664	30
1174	56.586155	43.952975	45
1175	57.326474	31.764726	54
1176	80.177810	58.060280	50
1177	67.135376	44.962889	52
1178	54.759558	51.632062	7
1179	50.355508	41.295308	85
1180	52.342571	74.923194	45
1181	52.645187	49.328124	49
1182	51.328005	42.876426	50
1183	29.388474	41.634795	57
1184	63.573867	49.966484	87
1185	78.527591	28.136467	76
1186	62.007172	43.220486	23
1187	57.424595	75.566889	70
1188	75.662213	40.192408	49
1189	50.931587	48.087705	7
1190	47.090653	34.994875	26
1191	47.469929	34.735363	43
1192	27.294186	40.660073	75
1193	52.641774	48.147643	57
1194	82.504368	21.282309	39
1195	80.508272	27.689496	97
1196	41.944019	43.793050	14
1197	65.930763	32.616405	72
1198	62.869650	44.839958	43
1199	77.353776	39.800186	69
1200	58.394486	47.531751	77
1201	52.741725	39.643279	94
1202	54.108837	46.830718	36
1203	64.664424	47.500409	93
1204	49.761381	36.846199	14
1205	62.948914	46.911546	3
1206	45.011007	34.556951	94
1207	55.722813	30.270400	47
1208	54.844553	33.016445	25
1209	56.564032	75.136389	29
1210	21.042899	38.948240	84
1211	60.957696	18.766979	93
1212	54.844568	35.090961	31
1213	36.044381	47.258358	93
1214	60.264218	45.749717	16
1215	71.426928	7.220731	9
1216	64.766278	38.028635	79
1217	59.333203	21.052623	13
1218	41.592380	44.600541	81
1219	64.511758	44.339935	51
1220	55.156486	39.153909	74
1221	39.426375	48.458352	39
1222	78.035261	33.133857	13
1223	49.999036	40.084830	15
1224	54.749970	72.499389	17
1225	52.685218	34.660032	21
1226	77.495943	46.744866	58
1227	54.279128	39.950471	36
1228	64.680788	30.844907	14
1229	54.699081	41.721124	88
1230	61.432264	43.926210	44
1231	56.160055	37.470346	34
1232	67.820345	62.096389	59
1233	56.425073	50.878889	22
1234	55.420135	47.897066	64
1235	51.868911	38.431815	20
1236	63.454870	47.074506	63
1237	74.113295	56.875929	80
1238	45.069691	35.212950	19
1239	47.233671	33.870876	70
1240	43.467303	39.501415	26
1241	66.166827	31.436736	41
1242	39.039478	48.277451	24
1243	56.784409	30.151858	62
1244	65.416125	39.954128	91
1245	51.286823	48.416688	37
1246	64.202601	44.462357	38
1247	56.067727	31.152389	43
1248	47.591381	40.670126	73
1249	65.607071	41.458645	76
1250	47.272641	34.797369	86
1251	60.177712	44.969198	6
1252	73.814716	34.287946	88
1253	57.853651	23.119801	69
1254	62.232082	19.890551	82
1255	46.034197	35.524490	81
1256	36.965040	44.177055	18
1257	57.840634	46.003511	35
1258	66.134345	69.841389	9
1259	67.433254	17.705631	83
1260	81.111584	58.814754	2
1261	65.596597	37.596065	68
1262	44.935171	42.282707	50
1263	77.173895	40.171189	14
1264	47.732764	34.516355	2
1265	66.430140	27.393390	16
1266	79.016786	41.389635	31
1267	66.324064	70.498389	76
1268	60.297915	41.769083	41
1269	66.881033	62.929889	67
1270	58.186160	41.164954	80
1271	56.018441	31.364892	92
1272	59.533727	38.867861	43
1273	47.477945	36.695526	70
1274	75.873372	53.603895	74
1275	63.424126	47.931505	22
1276	77.473091	27.771618	42
1277	52.688194	33.622210	79
1278	43.156344	39.740110	25
1279	40.952519	34.946602	100
1280	52.541882	48.588640	88
1281	53.004023	34.611755	98
1282	54.833757	33.577948	25
1283	78.010678	34.590359	95
1284	53.468651	31.675307	58
1285	54.510744	47.170716	66
1286	53.215085	37.922564	46
1287	66.380095	70.257389	51
1288	57.771724	37.996720	8
1289	52.844788	40.071682	48
1290	49.826685	38.927847	60
1291	52.985023	38.409079	6
1292	52.359529	34.059595	99
1293	77.234859	36.109375	26
1294	42.388959	48.397110	41
1295	75.118931	8.824155	22
1296	57.137517	33.615281	71
1297	78.823629	27.142716	33
1298	58.599860	41.024696	87
1299	65.449548	38.327591	2
1300	45.269364	42.261972	97
1301	74.636897	56.314918	94
1302	54.974540	31.987676	94
1303	77.050588	18.746158	78
1304	55.657857	43.146023	61
1305	67.161892	17.142642	73
1306	62.488809	42.282419	40
1307	34.754251	48.485480	55
1308	53.209257	29.105997	43
1309	59.580200	72.025176	44
1310	76.570570	48.123385	70
1311	74.912272	56.413912	42
1312	50.667150	47.234961	82
1313	58.541553	43.147211	93
1314	54.747483	41.051683	28
1315	77.555495	26.475303	41
1316	60.364759	44.615170	51
1317	54.224463	31.038464	45
1318	51.490313	44.580589	20
1319	64.633675	41.439723	79
1320	56.426691	39.197810	23
1321	56.466618	46.722145	35
1322	61.677290	43.868533	46
1323	53.804827	40.880810	73
1324	54.129971	42.458697	31
1325	51.416324	41.736154	46
1326	56.888819	27.533597	43
1327	54.234936	41.298216	64
1328	77.436970	43.128781	70
1329	76.244528	51.276390	81
1330	74.134978	39.023438	12
1331	57.977754	22.214916	74
1332	60.771938	49.688212	38
1333	58.103936	44.052846	7
1334	53.675600	38.105028	93
1335	59.742070	48.021796	25
1336	56.357056	50.010877	44
1337	79.879949	8.505298	30
1338	65.728546	41.749641	42
1339	57.489948	38.937231	61
1340	67.852065	52.123559	14
1341	54.405857	43.543169	50
1342	58.712978	20.790783	51
1343	52.570314	75.873389	47
1344	79.438709	32.677829	59
1345	55.073108	53.238106	4
1346	52.353525	36.172634	68
1347	58.917468	45.152815	4
1348	49.851809	39.613339	5
1349	54.812272	49.804530	94
1350	54.286510	29.269917	74
1351	37.502707	44.470543	98
1352	57.982136	53.348004	47
1353	66.189411	40.368576	43
1354	64.429700	41.178733	29
1355	28.293318	40.890369	36
1356	63.692195	42.423323	87
1357	65.996804	54.494604	87
1358	51.840032	66.283889	63
1359	60.498115	40.988542	61
1360	79.638185	39.791627	75
1361	55.158345	47.618240	74
1362	66.607490	42.510085	67
1363	52.478645	41.598041	6
1364	54.573525	30.602083	57
1365	6.706992	36.077028	72
1366	65.329400	18.430022	33
1367	51.469180	38.589320	59
1368	51.409331	44.130823	26
1369	56.404124	39.271811	15
1370	78.540827	26.484045	44
1371	63.856093	44.483484	28
1372	58.975484	40.340142	15
1373	63.130394	43.442897	84
1374	67.353549	53.180651	29
1375	55.229282	75.513889	80
1376	53.615598	38.600530	49
1377	55.309157	42.597099	65
1378	52.278479	44.597178	73
1379	61.248538	49.420174	53
1380	79.938403	40.406615	11
1381	64.803979	39.595167	43
1382	40.030462	47.097421	4
1383	70.567855	14.503154	52
1384	57.466841	32.853837	13
1385	64.266511	43.433801	29
1386	79.203147	23.322271	59
1387	51.012865	49.982176	1
1388	35.640953	45.904282	23
1389	71.818251	71.054889	91
1390	66.203718	54.129387	65
1391	75.760592	48.026403	62
1392	67.187899	27.871006	67
1393	64.912544	33.942730	24
1394	54.874131	31.833642	85
1395	56.995687	35.219863	14
1396	27.333249	40.022407	16
1397	41.698657	45.003681	93
1398	29.270312	41.386669	7
1399	69.883004	41.495521	95
1400	54.483735	34.048493	41
1401	55.220094	24.532794	69
1402	53.670338	40.377824	52
1403	49.431305	43.355122	27
1404	59.455333	49.165818	43
1405	60.678533	73.428889	33
1406	54.359305	25.949940	1
1407	76.074644	52.849008	4
1408	52.607929	43.541317	28
1409	56.366439	37.305833	98
1410	52.975523	32.938023	22
1411	56.285987	48.909724	53
1412	54.409063	47.008148	63
1413	72.860995	3.766295	21
1414	83.729283	10.759389	55
1415	51.576954	42.630321	98
1416	57.232519	40.087271	26
1417	31.815057	46.626007	85
1418	53.308979	47.932624	23
1419	45.646440	34.330491	73
1420	76.534217	17.505913	6
1421	75.197532	13.786177	96
1422	52.192140	42.945616	37
1423	83.043715	3.309961	95
1424	42.519392	49.718483	98
1425	56.407262	49.074946	36
1426	56.072043	41.019276	37
1427	55.398416	48.552912	52
1428	63.025876	44.665440	22
1429	54.105099	42.400699	69
1430	78.699522	2.146051	33
1431	51.713973	47.234189	59
1432	67.107073	42.508044	76
1433	53.532665	33.878060	76
1434	52.555287	35.028623	34
1435	53.792235	33.717043	69
1436	66.250638	42.857122	97
1437	55.195914	47.544155	36
1438	75.738895	36.558780	91
1439	59.520231	42.593646	6
1440	51.212826	35.236969	14
1441	76.001391	17.606174	46
1442	55.489095	72.697889	94
1443	75.159732	7.619899	6
1444	40.733997	44.004659	74
1445	70.616311	15.807011	40
1446	57.667783	38.068727	24
1447	55.910513	34.294392	75
1448	49.575775	38.964352	97
1449	63.017365	53.668635	28
1450	76.240069	50.461891	10
1451	57.082908	32.651352	5
1452	20.773521	56.228412	7
1453	61.063364	41.208503	52
1454	67.395324	27.374099	100
1455	55.993533	72.018889	60
1456	81.830836	6.927253	100
1457	48.303919	35.148329	53
1458	56.249553	38.940826	98
1459	40.005503	49.095006	51
1460	50.939004	48.954693	47
1461	64.268217	51.226421	17
1462	52.938107	36.713089	8
1463	66.589344	54.108706	39
1464	51.983532	44.925809	12
1465	76.810184	43.054356	55
1466	54.456984	33.700479	20
1467	42.158040	45.794948	90
1468	68.515834	17.325035	69
1469	84.198654	12.196479	69
1470	65.749160	18.128019	74
1471	56.317907	50.969727	15
1472	69.504149	17.378790	87
1473	40.420263	47.358930	84
1474	45.057726	35.489310	88
1475	56.653576	45.655308	31
1476	55.765298	39.076862	17
1477	18.818999	62.630321	70
1478	82.789699	6.867732	25
1479	48.054742	35.053705	87
1480	48.346446	39.513528	8
1481	62.500807	48.929575	62
1482	51.436797	35.445076	42
1483	50.965035	35.905968	36
1484	55.815936	31.542901	98
1485	51.910125	34.560992	62
1486	51.775458	46.318201	15
1487	64.465094	34.414096	47
1488	48.893514	39.385440	24
1489	53.072698	36.270581	64
1490	57.193979	34.781353	90
1491	52.470333	41.894249	61
1492	65.897105	54.451817	48
1493	78.473831	33.419349	55
1494	59.560649	38.494019	45
1495	69.506204	17.107142	32
1496	49.384203	40.066932	83
1497	46.022309	46.837059	14
1498	51.250354	43.840252	49
1499	78.291954	26.565955	40
1500	76.694778	43.444704	98
1501	78.962540	36.717677	84
1502	56.787542	50.147637	62
1503	68.894325	42.444040	38
1504	54.031297	40.720986	61
1505	69.088708	16.088531	61
1506	40.209466	48.151711	60
1507	51.703439	66.523389	8
1508	66.106707	30.440631	87
1509	55.139809	37.567422	61
1510	53.771677	44.842126	47
1511	68.890978	38.858344	54
1512	76.783127	27.854650	7
1513	51.773748	35.875267	68
1514	47.789064	34.636852	25
1515	55.833845	31.456400	70
1516	56.263837	29.021040	36
1517	77.935512	38.787675	87
1518	38.730054	42.815037	94
1519	84.657090	13.420225	76
1520	57.314400	42.761995	53
1521	54.738822	33.499452	15
1522	51.578219	41.902503	35
1523	57.139651	35.500858	76
1524	20.363214	38.812759	50
1525	56.136080	38.535339	75
1526	58.376494	28.141290	78
1527	65.033747	41.083682	8
1528	75.372073	49.269411	71
1529	55.826720	74.974389	61
1530	58.737110	38.699585	54
1531	45.687281	46.080989	17
1532	79.939762	38.175319	94
1533	48.713436	32.641286	93
1534	55.862636	31.074397	30
1535	51.412778	39.810804	44
1536	75.243464	47.700415	95
1537	62.313711	44.684502	6
1538	53.909910	45.631685	62
1539	48.887764	39.518699	91
1540	57.527027	35.268341	61
1541	51.698379	35.929537	47
1542	52.114845	74.789889	65
1543	45.884420	33.243420	42
1544	66.756751	71.952389	27
1545	52.324979	30.511622	32
1546	67.065149	28.581534	31
1547	52.083311	36.598152	32
1548	43.831224	44.065467	74
1549	62.808689	73.107889	23
1550	49.939435	35.578260	31
1551	57.427626	75.262389	54
1552	62.950519	44.505877	52
1553	54.882353	51.550886	97
1554	50.494646	47.423228	97
1555	45.532851	46.412079	24
1556	65.492168	26.387682	88
1557	65.069967	33.603759	98
1558	47.046347	38.768858	78
1559	63.280600	54.184308	9
1560	70.057251	70.192389	97
1561	55.114357	50.242392	95
1562	55.181151	50.018675	52
1563	55.132043	31.581679	33
1564	53.166228	29.062499	89
1565	28.424294	40.767700	31
1566	66.296269	40.626073	31
1567	76.532032	48.579386	61
1568	47.918614	34.756346	18
1569	67.859005	42.655485	80
1570	37.651074	44.648806	52
1571	56.447219	31.474875	88
1572	72.421356	42.041511	50
1573	54.591573	38.375957	2
1574	53.927063	34.871027	10
1575	53.339562	41.787729	38
1576	56.360382	32.449381	29
1577	68.083752	15.326522	56
1578	27.470408	40.399473	62
1579	56.591009	32.372371	92
1580	82.926412	6.281727	78
1581	66.858985	35.251337	34
1582	60.468438	42.294586	87
1583	69.774547	18.987368	33
1584	54.525643	31.182904	9
1585	66.967137	46.406734	31
1586	56.319280	24.177860	45
1587	50.503319	41.876797	45
1588	56.494934	23.529714	38
1589	62.167389	39.431865	24
1590	78.672429	33.437345	57
1591	57.357619	47.055642	21
1592	60.922615	26.505801	72
1593	76.838281	32.224741	82
1594	62.613020	21.149923	42
1595	45.281303	36.252444	20
1596	57.947045	21.478717	68
1597	76.956415	42.533865	20
1598	52.556645	35.750621	99
1599	54.531659	47.125998	40
1600	37.037455	44.202528	3
1601	53.468382	46.646641	53
1602	50.864950	34.789709	38
1603	58.499877	46.225520	2
1604	78.208084	27.888960	61
1605	46.423378	35.237399	64
1606	66.317470	70.302389	85
1607	80.152927	54.372291	50
1608	56.290547	34.808805	10
1609	51.816764	33.916208	44
1610	63.394102	48.481005	40
1611	54.348819	28.955451	61
1612	44.324145	34.889107	41
1613	46.253837	42.847881	44
1614	73.408961	10.410602	56
1615	54.051407	30.496404	87
1616	53.689117	38.306026	95
1617	79.638102	38.019326	12
1618	60.719222	46.547222	87
1619	56.974986	24.603337	62
1620	81.910726	24.335467	13
1621	52.037845	74.941889	55
1622	54.340853	38.425476	36
1623	40.420263	47.358930	96
1624	45.377975	34.570938	61
1625	50.321495	33.849266	96
1626	78.110672	37.452358	17
1627	43.117682	47.825696	2
1628	79.302014	40.789631	17
1629	45.643014	33.869928	69
1630	61.686842	43.085509	96
1631	49.849512	38.282791	38
1632	51.982826	49.057653	31
1633	81.344036	1.820741	99
1634	55.761344	33.906910	46
1635	49.252185	41.415333	66
1636	82.632148	5.741480	31
1637	34.708650	47.129132	34
1638	63.687380	49.844975	68
1639	78.543558	41.643647	43
1640	56.967207	34.431362	31
1641	51.390383	32.681957	73
1642	63.799463	45.512485	96
1643	59.587270	20.004574	86
1644	48.598921	33.877331	10
1645	75.566502	17.382932	59
1646	49.022012	42.909245	94
1647	70.855579	13.680513	22
1648	42.304736	49.127730	20
1649	76.800537	36.044884	42
1650	46.546898	31.124906	93
1651	59.044128	42.676246	98
1652	54.213983	40.721971	74
1653	51.795374	33.285878	97
1654	46.877125	39.347817	23
1655	59.330970	73.412889	29
1656	62.165350	38.517841	8
1657	9.414437	36.699526	18
1658	60.801900	40.778011	11
1659	53.158639	40.196261	31
1660	67.430495	19.334527	69
1661	46.117266	30.831916	97
1662	55.239600	42.192670	89
1663	69.219121	35.822202	35
1664	56.433850	31.259875	48
1665	61.812908	73.792889	83
1666	69.763230	38.877779	95
1667	75.414817	47.104912	69
1668	61.204814	74.429389	85
1669	56.908001	27.763347	62
1670	45.019012	35.745954	22
1671	78.569256	34.408348	9
1672	67.489345	49.703331	7
1673	54.350665	43.626669	30
1674	78.155961	27.840387	17
1675	59.364609	48.028967	21
1676	49.869868	40.233831	47
1677	57.250909	47.007797	48
1678	58.350751	36.434809	82
1679	49.580998	40.790832	13
1680	53.260128	36.347068	24
1681	19.532426	37.314226	21
1682	46.956760	31.628895	54
1683	39.450512	34.894156	85
1684	53.401939	48.752606	12
1685	83.090196	4.058213	30
1686	45.195389	34.934485	77
1687	73.081488	26.455730	94
1688	77.819361	36.884364	38
1689	50.479550	33.508221	89
1690	54.033009	37.540004	61
1691	71.583314	20.719270	75
1692	52.797991	37.528597	49
1693	60.695994	40.604289	16
1694	69.686700	51.001140	53
1695	79.483074	38.760229	45
1696	55.625095	43.931558	53
1697	67.740242	25.282866	22
1698	61.822377	43.980024	69
1699	79.164916	23.757704	86
1700	45.696891	43.162412	34
1701	51.476773	43.594528	83
1702	49.201057	36.918135	28
1703	65.467174	44.286862	19
1704	45.475194	37.294938	85
1705	62.072942	46.596116	46
1706	66.290055	42.321108	45
1707	50.922651	42.856774	37
1708	62.729327	44.667966	87
1709	66.788839	38.195989	35
1710	47.160387	35.452870	71
1711	54.293324	30.997258	26
1712	53.161894	31.935511	87
1713	43.827501	40.037247	38
1714	53.377284	48.652609	83
1715	57.545469	49.714333	20
1716	58.602308	38.027157	19
1717	61.370157	73.589889	84
1718	78.592715	53.011832	2
1719	52.806156	49.352618	57
1720	75.773024	43.474957	100
1721	57.529535	38.545732	98
1722	59.008615	38.553619	3
1723	70.863957	41.645003	24
1724	35.276854	46.927434	15
1725	54.776389	33.340949	29
1726	48.378858	35.432823	13
1727	78.218237	37.414856	10
1728	51.735513	37.771276	17
1729	70.172001	70.714889	30
1730	65.264817	38.666715	58
1731	52.812909	31.418023	17
1732	56.483065	44.014986	67
1733	47.954741	31.844869	35
1734	77.439682	39.951183	97
1735	51.253090	36.756213	48
1736	56.953000	35.101864	56
1737	48.296240	37.423651	52
1738	72.546976	25.870314	68
1739	65.442679	37.876582	4
1740	76.990054	39.608196	81
1741	52.718582	43.594099	99
1742	43.926879	46.623074	16
1743	71.241673	34.581996	88
1744	73.026372	26.242825	90
1745	57.506377	33.899338	42
1746	70.387638	8.918761	99
1747	57.421726	33.702841	96
1748	51.462366	42.731496	72
1749	50.396969	40.279319	33
1750	81.275126	24.033492	50
1751	53.606810	34.969049	23
1752	38.892664	50.078998	75
1753	53.099912	31.285010	80
1754	53.524237	43.044819	58
1755	68.593074	16.400371	19
1756	81.918639	19.465311	14
1757	56.556633	45.768211	92
1758	74.724534	13.462710	7
1759	75.009219	55.554911	12
1760	64.161444	42.213779	54
1761	65.807597	51.273794	30
1762	62.208791	49.426181	89
1763	51.231634	42.393317	60
1764	59.837011	39.991563	40
1765	75.526516	43.048724	61
1766	58.327653	27.787292	22
1767	53.868010	37.176888	1
1768	65.056199	30.664900	5
1769	56.670701	46.040265	43
1770	57.663171	35.917837	68
1771	48.765236	35.382809	75
1772	58.078074	44.435363	83
1773	66.097397	54.949298	62
1774	61.882690	42.020461	48
1775	80.995365	54.762269	31
1776	68.256747	49.718580	62
1777	76.871114	42.237142	51
1778	48.628355	39.194045	91
1779	51.540853	41.378279	80
1780	70.438245	16.014782	67
1781	55.840509	41.581335	33
1782	53.171256	37.240070	66
1783	65.794735	53.704278	14
1784	77.157226	34.180375	74
1785	45.272080	46.411159	50
1786	66.520982	35.755019	72
1787	62.099415	19.791756	22
1788	49.687277	36.441958	90
1789	55.991014	38.603849	39
1790	64.815842	34.616853	37
1791	62.474427	48.705272	10
1792	47.888724	34.913346	3
1793	55.425640	39.146888	49
1794	51.649089	48.115179	90
1795	49.723543	38.630353	39
1796	72.266725	24.846054	56
1797	56.548451	35.137840	86
1798	57.889608	43.491844	56
1799	77.765991	40.983171	33
1800	55.349199	39.683889	36
1801	71.046051	10.697340	11
1802	80.555924	58.916767	42
1803	20.288053	57.779462	19
1804	58.525041	38.803153	8
1805	71.404564	63.396389	59
1806	50.171501	40.799818	83
1807	73.582131	7.204433	61
1808	48.174226	39.034343	14
1809	64.389627	19.445035	53
1810	71.156865	11.487753	91
1811	69.689455	54.326369	23
1812	67.394939	71.783889	42
1813	46.306959	33.577304	12
1814	55.626502	34.040914	27
1815	42.963453	47.641882	25
1816	78.742677	33.669844	46
1817	51.626367	32.626452	42
1818	53.704691	38.605523	78
1819	75.852116	48.781901	66
1820	54.751631	42.472681	48
1821	65.341577	39.804630	27
1822	50.135517	37.353860	98
1823	58.036092	53.104205	63
1824	53.983354	39.402997	49
1825	54.399107	46.836597	98
1826	53.956349	38.071007	91
1827	54.616898	30.267037	45
1828	81.575507	23.420985	49
1829	53.763486	33.179491	1
1830	43.348779	46.436347	37
1831	67.579564	62.878889	5
1832	54.975266	33.260441	68
1833	30.035580	43.273022	57
1834	49.317698	50.642411	17
1835	9.430316	35.513249	77
1836	54.486943	48.311225	51
1837	49.747138	42.991707	34
1838	59.761172	52.600709	81
1839	70.202425	10.195020	75
1840	52.133081	41.875353	2
1841	42.813859	43.212765	21
1842	56.928219	51.679216	56
1843	64.161555	61.066732	58
1844	47.272641	34.797369	37
1845	48.561053	37.079783	85
1846	38.989744	44.651914	33
1847	52.108062	43.567829	40
1848	56.298473	38.228329	69
1849	62.656184	42.466035	73
1850	46.422090	40.732598	15
1851	21.666860	37.441069	45
1852	52.758776	38.860094	3
1853	77.838443	2.085819	77
1854	9.103826	36.116826	89
1855	64.287404	42.380140	18
1856	51.235550	31.392310	62
1857	53.007593	48.211129	81
1858	82.034612	19.572559	9
1859	51.917538	32.078785	33
1860	76.919532	16.858151	91
1861	64.911844	21.221803	9
1862	69.606244	13.756012	85
1863	48.326627	32.057858	44
1864	46.996858	40.442587	68
1865	44.556764	42.771865	68
1866	52.656643	46.316172	96
1867	77.583091	52.281357	4
1868	69.289504	40.323335	42
1869	57.014641	22.605559	91
1870	21.785384	38.518573	66
1871	49.209983	49.899742	95
1872	53.762376	40.035511	8
1873	72.190864	38.596009	14
1874	20.268802	39.482422	18
1875	74.435552	14.626959	21
1876	54.366634	37.492480	43
1877	85.372114	13.811963	80
1878	76.326589	17.790918	43
1879	58.792220	75.624889	24
1880	76.910750	36.685382	19
1881	80.214596	12.697313	1
1882	62.634425	41.407383	32
1883	51.965344	29.278048	3
1884	54.902524	32.958943	5
1885	54.950904	35.202953	93
1886	52.549078	44.108406	20
1887	49.466794	37.356871	3
1888	49.696279	40.240449	25
1889	73.513058	39.220451	71
1890	50.643479	41.307801	87
1891	46.992946	35.487876	28
1892	55.004310	51.644199	96
1893	57.926147	28.065308	86
1894	77.835431	27.200948	71
1895	40.638280	46.583616	75
1896	41.086103	49.589338	39
1897	33.210264	47.335713	67
1898	51.860392	37.858356	55
1899	79.515405	32.257327	79
1900	54.930735	42.939078	57
1901	80.593495	27.207660	87
1902	56.950682	31.710355	41
1903	74.649865	35.523129	15
1904	52.802624	47.553647	15
1905	52.287107	44.866981	17
1906	77.393609	17.039892	98
1907	65.314983	34.313114	95
1908	48.006014	39.815867	24
1909	63.103999	21.980819	70
1910	66.720220	62.872389	62
1911	54.651094	43.840157	35
1912	19.078989	62.770646	39
1913	65.716118	45.198839	88
1914	67.543065	49.904825	44
1915	65.801876	39.347585	44
1916	77.717592	27.086448	22
1917	28.673696	40.522176	75
1918	36.392630	46.026928	89
1919	69.123286	38.003815	66
1920	60.525975	39.258779	66
1921	65.795194	51.559793	61
1922	49.345678	50.102930	57
1923	60.818016	44.256119	28
1924	36.019755	46.277630	87
1925	71.462221	14.963481	17
1926	38.036037	44.279345	84
1927	57.555264	36.243190	95
1928	55.434287	33.801646	11
1929	56.406840	52.134082	53
1930	45.906421	43.098061	97
1931	9.602742	54.988509	34
1932	57.444497	25.294821	37
1933	53.231536	43.793300	68
1934	75.552451	46.440909	25
1935	57.362181	48.765499	86
1936	56.280897	49.274792	91
1937	53.315836	46.964640	40
1938	58.735711	38.561140	31
1939	60.572407	73.646889	7
1940	53.791730	48.471173	78
1941	75.407723	55.455402	20
1942	47.491777	38.079367	77
1943	62.583376	73.889389	44
1944	53.761609	33.729545	10
1945	58.329687	27.611291	68
1946	54.754251	48.663135	31
1947	57.543674	36.420603	69
1948	51.282939	66.780889	9
1949	56.986814	45.147939	91
1950	64.092977	34.379802	28
1951	68.758294	26.369341	12
1952	53.080034	37.769074	69
1953	79.358596	27.084725	83
1954	64.115103	45.005963	48
1955	76.659234	39.884703	100
1956	54.191432	49.017471	64
1957	64.673457	53.151412	58
1958	77.990010	25.932966	63
1959	47.892072	37.757170	74
1960	66.179544	17.981517	50
1961	52.717914	31.219026	3
1962	63.182626	70.871889	77
1963	60.620406	38.222216	24
1964	45.572525	35.005931	5
1965	53.135003	31.382009	58
1966	66.561112	34.323109	32
1967	72.529680	37.640473	60
1968	54.580558	29.970037	75
1969	63.166357	70.892485	48
1970	52.439899	30.204419	22
1971	54.374053	36.349986	27
1972	58.912364	42.836234	26
1973	36.263792	44.495727	48
1974	29.302772	40.882638	7
1975	56.206403	44.208518	37
1976	78.046416	37.802859	88
1977	71.413626	71.226889	51
1978	48.966688	51.814448	92
1979	47.275470	34.945868	9
1980	53.814241	50.677526	77
1981	56.308157	43.050463	96
1982	55.806331	51.407422	55
1983	57.496351	41.123237	62
1984	27.631746	57.857744	5
1985	63.367469	40.820308	2
1986	66.738251	31.636169	16
1987	62.817704	43.121608	13
1988	54.546745	34.839984	69
1989	83.007798	6.928978	91
1990	58.275293	41.768749	26
1991	46.414013	35.208270	78
1992	55.970149	47.833879	93
1993	60.637086	42.341073	77
1994	81.403945	24.667491	99
1995	38.535387	49.775672	67
1996	64.659921	36.847118	25
1997	60.467876	37.027012	79
1998	49.478796	50.285244	2
1999	55.249416	39.250901	40
2000	54.440020	49.397779	68
2001	51.644041	48.295676	81
2002	48.291748	36.498316	88
2003	67.382720	16.352529	97
2004	55.992831	50.044062	30
2005	55.542347	49.173720	43
2006	51.745485	45.163257	68
2007	68.664425	15.926296	95
2008	72.274206	8.226966	63
2009	61.506955	49.264153	18
2010	48.070761	38.237465	4
2011	56.092679	35.561368	3
2012	55.800276	30.084992	15
2013	54.337780	44.429516	99
2014	54.343129	47.227283	53
2015	45.172162	46.844188	77
2016	48.736358	38.353059	68
2017	73.369662	14.145852	31
2018	47.118563	32.624642	81
2019	57.263875	44.560939	33
2020	56.896660	48.536653	94
2021	53.851539	41.693218	65
2022	52.888182	40.648896	26
2023	55.857599	32.474902	14
2024	57.839558	39.143689	59
2025	59.373067	40.508866	65
2026	56.869610	52.166225	95
2027	46.322235	36.022401	87
2028	52.668448	31.116027	96
2029	21.051888	57.796218	45
2030	45.122242	42.483743	72
2031	50.864957	38.615331	83
2032	52.433390	38.596120	54
2033	42.187540	47.266130	54
2034	82.543286	6.757737	40
2035	53.979175	33.109982	81
2036	53.031186	38.299576	42
2037	55.671602	32.362409	80
2038	56.230231	30.995882	46
2039	64.812718	40.165179	8
2040	52.019651	31.705957	60
2041	25.015830	38.975381	26
2042	53.529547	44.774192	11
2043	73.610616	5.573676	66
2044	62.737188	41.270958	54
2045	52.826646	47.714644	13
2046	58.213096	50.388956	39
2047	78.846686	33.266341	24
2048	56.604765	30.891367	22
2049	69.681249	14.434710	38
2050	57.926291	74.456715	69
2051	55.672271	33.079911	33
2052	66.387064	40.377061	72
2053	59.897938	49.344282	71
2054	75.440524	41.021232	30
2055	72.848580	14.970718	15
2056	57.959033	36.988449	24
2057	38.092441	44.081046	14
2058	57.959272	35.500823	70
2059	81.174700	18.567072	15
2060	59.528329	72.023579	89
2061	56.683953	33.324870	94
2062	74.109573	11.250834	25
2063	52.257491	48.156657	63
2064	59.341066	46.829582	23
2065	57.467845	75.282389	59
2066	59.481435	74.566455	6
2067	60.272291	42.790118	34
2068	66.950720	62.365230	18
2069	84.728582	10.754461	16
2070	56.166946	51.347967	38
2071	53.346809	48.140619	21
2072	66.559319	50.320239	14
2073	39.870459	48.088801	96
2074	56.834048	32.069361	8
2075	67.025449	39.652828	71
2076	54.833118	31.269518	38
2077	78.029637	26.318951	14
2078	55.268367	49.846225	56
2079	67.540439	71.194389	2
2080	67.843967	38.893423	67
2081	65.213471	21.715807	31
2082	50.421479	41.268807	15
2083	49.864197	37.480363	2
2084	77.482960	55.111854	45
2085	79.217633	57.023307	38
2086	53.429119	34.608235	80
2087	56.105960	37.976346	32
2088	44.156160	45.445837	74
2089	51.840032	66.283889	54
2090	66.650804	53.395208	95
2091	73.745459	5.235671	80
2092	55.143751	33.955389	30
2093	52.905203	30.432165	41
2094	84.680493	11.110964	13
2095	45.698034	33.023926	16
2096	55.095429	24.763408	35
2097	58.402806	44.836154	40
2098	47.419996	34.377867	93
2099	52.133081	41.875353	62
2100	33.827027	47.646273	44
2101	62.491187	49.200575	96
2102	60.731950	41.332751	86
2103	21.871233	40.246693	26
2104	61.171948	45.069114	65
2105	64.485380	37.077135	90
2106	58.638626	75.837889	94
2107	27.745177	57.030442	47
2108	85.070274	12.509463	6
2109	56.453665	46.308295	21
2110	76.265872	41.995707	32
2111	67.754992	50.550139	25
2112	59.307459	18.184972	94
2113	42.817792	43.112337	86
2114	52.076779	34.497749	34
2115	51.289345	76.379889	22
2116	39.872565	47.272848	85
2117	47.401071	39.701655	6
2118	75.573206	42.372725	48
2119	51.796660	43.617949	38
2120	50.271538	38.799340	7
2121	78.599068	32.320344	8
2122	55.505502	38.376388	90
2123	65.745873	54.209278	87
2124	82.797999	5.959728	97
2125	48.117235	34.488841	86
2126	18.256052	38.126500	3
2127	64.489243	50.935030	85
2128	63.111623	54.426626	32
2129	64.858351	31.088407	7
2130	46.538871	40.924352	95
2131	56.606010	31.100367	27
2132	51.481090	46.035714	27
2133	37.954130	44.341728	70
2134	64.181260	45.665455	90
2135	55.191308	49.772687	89
2136	56.305434	39.312318	95
2137	41.211965	48.051831	75
2138	36.259266	44.942360	59
2139	57.473506	25.658875	8
2140	36.974698	45.970561	34
2141	27.785871	39.531956	22
2142	62.959389	52.847527	64
2143	74.738810	55.706917	52
2144	50.099599	40.646322	73
2145	54.270603	46.775152	22
2146	40.294994	47.050049	49
2147	77.862353	38.983176	24
2148	46.912062	32.478463	19
2149	76.148086	42.666208	68
2150	82.447381	17.901292	27
2151	55.471532	45.028575	3
2152	56.475869	32.949378	33
2153	58.112849	44.499362	63
2154	55.243804	47.973115	52
2155	67.155094	17.145836	62
2156	77.867322	37.534863	62
2157	21.591806	38.405804	54
2158	77.944314	26.214374	49
2159	54.836918	34.998962	74
2160	52.961190	31.399017	19
2161	48.312221	32.064858	11
2162	53.269200	39.757841	53
2163	66.730776	30.372651	2
2164	58.129875	38.928659	17
2165	58.261939	44.564852	66
2166	59.615590	41.895143	82
2167	58.381863	22.625907	58
2168	53.441141	47.279130	64
2169	51.619501	75.165389	29
2170	46.106154	42.703374	29
2171	48.275764	32.929351	20
2172	39.141429	49.049519	32
2173	58.972092	39.413634	24
2174	55.578898	34.696912	19
2175	52.875866	37.507091	95
2176	55.053783	41.756897	66
2177	68.409857	60.627293	68
2178	66.818595	62.623889	21
2179	67.667672	28.767091	12
2180	50.913866	50.559173	17
2181	72.341267	20.725267	2
2182	60.612595	73.742889	7
2183	51.691720	67.074389	18
2184	74.357850	41.871259	57
2185	69.142326	39.831839	42
2186	55.671318	40.152709	69
2187	45.291330	46.649989	10
2188	37.194318	46.212537	40
2189	70.358734	15.967042	20
2190	67.763182	18.199435	73
2191	20.598264	38.699928	82
2192	56.867126	75.153889	56
2193	68.032939	62.416389	41
2194	68.721514	34.029600	13
2195	58.409608	22.599500	49
2196	65.416125	39.954128	45
2197	51.829349	46.886784	41
2198	52.999477	34.912592	18
2199	79.077902	25.608463	50
2200	59.127501	73.919889	9
2201	59.803531	50.493718	36
2202	42.237862	45.074673	86
2203	52.656715	47.514653	90
2204	74.589714	7.116410	17
2205	78.712786	34.722845	87
2206	45.765826	35.736424	11
2207	62.248435	46.977601	20
2208	62.216038	41.801928	72
2209	56.874266	34.561866	78
2210	56.102131	43.625504	52
2211	57.187063	51.953045	78
2212	67.526939	61.988889	38
2213	63.170900	40.161807	47
2214	55.733727	25.133885	81
2215	79.025779	37.855339	97
2216	56.434992	49.245521	90
2217	65.170799	37.555096	30
2218	54.430595	32.000583	36
2219	67.586377	27.413395	27
2220	78.733610	39.590152	48
2221	64.977527	22.196563	61
2222	56.248046	40.102851	46
2223	64.516888	40.584712	76
2224	66.434884	53.512225	24
2225	63.900472	51.145452	7
2226	56.589314	71.875389	88
2227	64.823762	35.682102	86
2228	70.976399	15.204585	65
2229	36.477209	45.619144	78
2230	77.595324	34.647367	50
2231	19.653903	39.365979	98
2232	61.036964	48.246693	9
2233	49.385245	38.924856	30
2234	6.841662	34.689936	84
2235	7.836688	34.247482	28
2236	56.314720	27.814370	44
2237	51.588071	46.445705	29
2238	78.615985	33.778846	70
2239	56.914764	44.620472	65
2240	49.088044	34.212811	54
2241	21.658649	37.971516	56
2242	80.017501	9.290389	93
2243	63.230308	45.619005	38
2244	68.957351	15.889521	77
2245	64.095345	40.103233	52
2246	51.430385	35.013988	87
2247	60.311408	43.274630	94
2248	70.551173	8.888007	68
2249	8.884151	36.407331	73
2250	67.043837	27.514762	54
2251	51.573320	31.271073	61
2252	47.872064	38.000827	19
2253	68.134939	70.721889	65
2254	70.821938	39.691903	41
2255	58.047298	21.582545	45
2256	41.380769	49.196689	50
2257	31.663667	44.184695	38
2258	66.622651	43.313600	63
2259	41.969541	49.059554	89
2260	54.768906	43.874653	34
2261	66.775925	28.854939	80
2262	62.335470	73.757889	95
2263	59.018030	22.548959	27
2264	76.568814	41.775200	47
2265	51.262771	36.543733	20
2266	56.991212	44.084744	23
2267	55.584597	35.955902	52
2268	73.601766	7.742144	91
2269	54.246033	39.958974	74
2270	48.847450	39.179777	45
2271	55.910489	35.152885	12
2272	52.454897	30.206023	71
2273	63.580060	52.565119	44
2274	46.012125	46.850733	18
2275	60.178455	49.378769	62
2276	20.178559	38.604849	49
2277	53.202928	43.217208	75
2278	55.221857	43.052941	48
2279	79.745080	24.446190	88
2280	76.612374	48.876884	25
2281	81.224749	23.624630	71
2282	54.626438	30.378302	9
2283	58.847314	73.597389	73
2284	23.463456	39.130772	24
2285	62.074461	49.293248	76
2286	75.666121	40.042908	63
2287	41.384914	46.630080	75
2288	60.272694	49.599252	80
2289	55.083833	31.906482	41
2290	40.401010	44.068494	47
2291	53.043730	35.796586	58
2292	45.297158	46.016370	43
2293	56.370563	29.020344	49
2294	75.704731	52.200401	56
2295	77.657417	44.112864	63
2296	55.289075	35.380927	96
2297	51.210305	49.994169	24
2298	20.192458	57.745794	58
2299	75.798947	8.873891	91
2300	41.315895	44.536217	88
2301	61.094845	64.746889	71
2302	77.974855	33.067358	10
2303	62.338503	20.348960	20
2304	80.606706	58.903766	8
2305	79.326625	23.867867	59
2306	45.518263	31.928622	29
2307	79.018875	33.431838	35
2308	65.879189	37.056035	52
2309	78.304684	34.661353	92
2310	81.963470	23.138989	88
2311	52.995592	42.690735	19
2312	67.465536	61.341536	88
2313	56.415353	33.576882	49
2314	20.903249	39.153919	6
2315	65.065674	35.367450	75
2316	66.130340	31.275864	65
2317	56.770954	38.778907	33
2318	58.346353	45.984588	35
2319	54.435289	33.534964	88
2320	40.016522	49.331396	91
2321	43.380244	45.673976	53
2322	34.974620	46.000201	83
2323	52.577547	35.339621	55
2324	55.932722	32.552899	76
2325	29.010003	41.200424	50
2326	66.170114	16.960757	27
2327	47.163366	34.110877	56
2328	62.257189	71.470389	42
2329	58.883045	44.904809	43
2330	72.366702	21.045517	48
2331	76.470177	46.001199	72
2332	65.750551	34.084236	36
2333	54.833233	30.087119	42
2334	52.230503	30.827580	78
2335	51.646823	42.928663	9
2336	62.675678	40.866865	34
2337	52.222939	67.108389	93
2338	53.490153	49.627815	37
2339	53.556398	47.161128	91
2340	41.570973	43.692442	23
2341	51.721338	34.494822	16
2342	61.999765	40.320403	85
2343	56.930065	45.807403	35
2344	43.157843	40.230700	20
2345	56.106597	40.378873	10
2346	76.736547	34.144440	85
2347	69.713571	16.012166	95
2348	52.806684	40.459264	98
2349	53.262375	29.158995	24
2350	46.444669	35.747397	49
2351	76.984996	34.699879	38
2352	20.672661	39.053059	100
2353	53.644164	46.833131	51
2354	9.547767	35.766392	3
2355	64.652859	50.933147	74
2356	44.934775	49.128973	8
2357	69.234685	41.189201	39
2358	37.811196	43.169638	63
2359	56.401533	73.083889	85
2360	59.508329	44.014224	32
2361	71.416119	9.037534	44
2362	57.680917	36.947739	28
2363	48.339511	37.256598	15
2364	39.698307	47.199860	80
2365	68.411820	37.819364	77
2366	62.043068	39.949389	45
2367	61.959334	20.605020	46
2368	55.094780	32.608767	91
2369	54.562705	38.275960	21
2370	70.268855	15.842209	83
2371	67.291001	44.906889	30
2372	83.412309	7.078220	14
2373	56.975254	43.077907	73
2374	44.672018	49.879973	19
2375	72.530978	24.431868	75
2376	62.313633	40.815892	32
2377	66.581782	52.643220	49
2378	45.035288	32.980445	17
2379	26.613619	38.807393	57
2380	77.707643	35.983169	31
2381	44.539455	42.839907	47
2382	76.657962	16.831657	18
2383	33.922511	43.552161	90
2384	53.836949	45.693475	1
2385	51.865347	48.607664	24
2386	44.399452	34.472472	61
2387	60.456182	44.359653	51
2388	65.159232	52.084842	53
2389	57.985365	33.159316	25
2390	36.470412	47.838666	70
2391	60.955927	20.852907	35
2392	46.760648	37.447378	37
2393	45.440924	33.508434	55
2394	79.647329	27.671560	82
2395	67.037058	29.106516	91
2396	52.618877	41.339090	15
2397	77.480575	53.438358	8
2398	55.806331	51.407422	57
2399	63.242705	52.975040	52
2400	79.029006	14.770170	99
2401	52.785624	44.812614	61
2402	50.605720	67.609889	81
2403	56.448016	34.526884	45
2404	78.676380	56.988321	29
2405	81.686593	24.375494	58
2406	51.093465	41.629786	62
2407	57.539170	50.819727	49
2408	52.020561	35.761308	2
2409	54.658551	39.172447	35
2410	51.549776	39.274309	52
2411	71.710215	21.615023	76
2412	61.131333	40.685982	68
2413	51.010145	31.368478	8
2414	63.106699	45.551333	83
2415	64.070201	44.295969	100
2416	64.416034	38.074662	97
2417	46.282016	37.795400	76
2418	67.833564	53.068111	85
2419	82.253814	4.743484	41
2420	78.887303	31.781337	38
2421	52.591545	41.458032	27
2422	65.219657	35.928060	43
2423	74.120238	56.314430	79
2424	63.832990	50.322461	37
2425	53.517565	38.171040	33
2426	55.718494	46.379931	93
2427	77.842183	52.559351	96
2428	64.905876	36.063085	20
2429	60.452461	39.500999	27
2430	38.521602	49.250871	52
2431	53.333609	45.880658	47
2432	54.001340	44.973120	72
2433	61.156808	43.890578	14
2434	83.369500	7.370972	94
2435	78.719821	27.531906	50
2436	55.106072	39.742908	52
2437	45.091836	34.397948	86
2438	58.198829	21.434676	49
2439	49.570370	39.554845	98
2440	51.813303	44.948415	44
2441	52.119993	45.572596	56
2442	57.436762	44.238912	26
2443	58.630256	43.346877	35
2444	39.976804	35.324534	5
2445	53.047288	35.402587	21
2446	43.152773	45.840319	53
2447	78.311862	33.140351	10
2448	55.082661	39.347413	5
2449	72.916215	25.810223	50
2450	84.024189	4.295139	17
2451	47.847292	35.165346	6
2452	20.469426	37.621964	43
2453	59.519032	42.377667	98
2454	51.412376	66.632889	49
2455	65.200380	45.686376	79
2456	59.264792	42.361188	18
2457	53.160529	48.727115	55
2458	83.405409	7.515222	79
2459	78.392255	54.538334	6
2460	50.905024	43.488138	96
2461	55.120944	40.267403	30
2462	20.281955	39.324733	61
2463	74.332054	7.266166	69
2464	56.343797	49.631935	27
2465	56.687095	74.951889	36
2466	59.136256	51.899084	71
2467	64.749243	42.433993	80
2468	70.258648	19.209442	94
2469	48.212765	38.793291	100
2470	9.232898	37.276807	86
2471	48.561442	38.302141	21
2472	51.974432	48.193798	18
2473	37.338900	47.516763	95
2474	58.188819	44.452354	38
2475	35.722020	47.517283	80
2476	59.602660	49.303806	17
2477	48.331776	36.828811	39
2478	63.252750	22.180571	6
2479	70.847201	7.684746	81
2480	61.264739	20.931334	53
2481	57.856903	54.504571	79
2482	54.202621	31.014217	61
2483	57.272918	32.264843	4
2484	78.805712	31.413337	39
2485	60.502287	18.403821	60
2486	61.285970	73.413889	39
2487	49.849779	43.998606	28
2488	79.128815	37.668837	87
2489	75.776585	41.965221	65
2490	53.928331	30.951957	93
2491	75.956466	48.311399	57
2492	56.312564	75.583389	4
2493	41.785710	44.162063	68
2494	68.608564	71.439889	75
2495	60.686425	46.720724	14
2496	82.491787	9.098249	49
2497	57.958971	38.675429	2
2498	76.962039	26.239181	20
2499	52.269004	49.117641	14
2500	79.281078	56.463307	44
2501	60.750898	46.048683	39
2502	64.242088	42.790787	40
2503	65.478178	40.013624	87
2504	78.488118	33.025848	48
2505	78.149995	32.286352	26
2506	57.117885	31.073347	2
2507	76.860137	52.150977	45
2508	79.021931	38.145339	49
2509	53.358234	42.732212	13
2510	68.598609	51.355736	10
2511	49.209983	49.899742	53
2512	55.709121	36.081168	98
2513	55.252968	75.184208	80
2514	66.628477	30.402265	60
2515	79.546342	38.542827	50
2516	54.986577	29.748428	87
2517	57.042018	30.766349	54
2518	20.363835	39.326317	50
2519	67.027407	27.632532	64
2520	43.417879	45.771581	4
2521	72.174677	19.888265	82
2522	73.535071	8.347817	43
2523	48.049714	37.125321	26
2524	78.595147	35.544848	92
2525	54.243211	29.308940	96
2526	47.032606	38.412361	92
2527	47.319343	41.101445	99
2528	59.025908	74.214889	12
2529	56.158665	44.793756	52
2530	47.870637	34.528350	51
2531	77.647751	27.684978	2
2532	66.407595	70.415889	3
2533	78.122995	32.217853	56
2534	48.165361	32.239360	51
2535	78.372213	41.539152	98
2536	60.633731	42.601082	39
2537	40.575278	44.237455	74
2538	50.414893	35.399745	46
2539	67.976706	38.585908	61
2540	49.523372	43.532771	86
2541	58.096295	43.920842	6
2542	48.732041	33.305451	90
2543	63.133537	41.361841	71
2544	72.974788	3.871535	17
2545	55.430730	50.614417	34
2546	48.690810	39.608897	65
2547	60.158139	36.911709	100
2548	71.349908	63.840389	74
2549	56.470039	38.638312	35
2550	71.899907	21.507021	73
2551	54.830729	37.399446	23
2552	40.412646	48.826580	15
2553	54.919928	49.094611	84
2554	44.060431	35.294989	92
2555	52.567943	46.550136	40
2556	50.856623	32.436055	28
2557	55.969517	67.193192	93
2558	57.102152	37.758273	42
2559	50.636918	38.135341	24
2560	66.171657	55.178734	44
2561	56.513970	43.410460	94
2562	51.402864	37.880877	36
2563	55.841349	35.402388	65
2564	55.121444	47.381446	53
2565	77.346515	26.458441	12
2566	57.911880	33.819821	42
2567	65.759249	46.762326	88
2568	79.442588	32.435328	35
2569	64.306594	31.222416	73
2570	58.526219	44.885340	66
2571	58.823168	21.371284	54
2572	56.000261	23.790871	13
2573	80.719892	24.237280	8
2574	70.083908	71.066389	9
2575	72.019814	70.534389	68
2576	52.651903	45.019627	22
2577	59.681065	54.018219	71
2578	51.071815	32.977775	53
2579	40.253241	48.098605	23
2580	48.945702	50.493606	60
2581	55.960771	39.459844	82
2582	54.624449	31.425072	19
2583	53.334264	33.830074	14
2584	75.478316	50.025908	46
2585	70.542201	47.964170	16
2586	56.895662	31.250856	40
2587	66.383647	40.061055	45
2588	54.486169	35.520484	7
2589	54.553962	40.568800	84
2590	65.806791	32.872410	75
2591	65.798323	38.824075	53
2592	78.268325	33.488353	9
2593	58.469443	53.961150	88
2594	78.002534	35.925860	66
2595	79.280240	32.462831	63
2596	61.592815	38.454175	65
2597	35.741006	45.064480	90
2598	53.412410	48.132616	57
2599	55.069533	75.676389	30
2600	77.946925	26.579451	16
2601	31.876210	46.900479	80
2602	52.174054	32.818005	4
2603	73.949200	40.679749	29
2604	61.513845	74.413889	27
2605	58.515559	40.354679	97
2606	65.270586	52.636829	38
2607	45.672854	47.048848	13
2608	34.484170	44.281824	91
2609	53.815446	46.829626	18
2610	51.832546	44.503781	65
2611	80.508272	27.689496	5
2612	43.153925	45.190115	15
2613	67.638095	43.230389	82
2614	58.213732	38.309683	100
2615	67.017573	42.956060	96
2616	66.225079	52.780748	18
2617	66.833120	17.852015	81
2618	56.677507	33.668872	50
2619	55.330190	33.764928	46
2620	55.773741	34.662899	49
2621	63.702914	41.675226	31
2622	54.564416	41.225440	71
2623	48.000267	37.424744	7
2624	58.217716	49.932617	19
2625	70.387382	8.215008	67
2626	57.239216	29.751589	82
2627	60.944033	21.147655	4
2628	76.843380	41.737192	22
2629	55.254795	31.429754	96
2630	51.833621	39.205804	88
2631	78.462235	33.546849	51
2632	56.164021	33.111391	100
2633	55.925047	33.278902	49
2634	62.559477	43.449946	65
2635	58.115310	25.516796	18
2636	64.491172	52.337896	78
2637	57.349864	34.412346	76
2638	65.927826	54.708759	11
2639	82.149397	19.622807	23
2640	53.431734	32.087000	3
2641	74.684899	56.145918	47
2642	64.012533	35.557142	80
2643	56.870672	39.781761	96
2644	41.577827	48.893665	28
2645	44.603148	42.817165	83
2646	55.353665	43.400060	47
2647	62.089329	43.987678	55
2648	70.475053	9.713262	19
2649	60.804751	42.665070	36
2650	7.200234	35.021767	11
2651	61.416248	74.051752	10
2652	64.265271	35.482417	52
2653	19.509864	37.418441	83
2654	54.716656	36.161963	83
2655	58.809419	18.737913	53
2656	78.262004	1.351308	57
2657	78.569872	52.956333	85
2658	52.825355	46.504164	16
2659	77.938269	43.857358	29
2660	83.150632	3.873961	67
2661	65.441503	17.382261	11
2662	58.031868	35.701821	82
2663	66.188911	40.358076	23
2664	47.281939	35.257366	19
2665	65.849107	54.380854	61
2666	65.182309	39.285131	68
2667	57.552358	44.670918	22
2668	57.322084	39.475741	70
2669	57.208973	26.272132	68
2670	64.073741	46.786959	26
2671	54.255200	33.676011	83
2672	62.301889	44.868009	98
2673	76.486996	42.747198	83
2674	49.214774	41.431833	47
2675	81.777888	19.666315	87
2676	54.616166	31.267029	5
2677	78.268969	40.641159	51
2678	66.385626	70.209389	13
2679	47.944553	35.363340	70
2680	35.518433	48.403808	13
2681	51.461970	67.154389	61
2682	54.680972	46.456813	90
2683	47.498814	34.012866	21
2684	46.807016	33.543391	73
2685	27.563808	40.405054	24
2686	53.610352	31.803827	19
2687	38.631795	44.365383	21
2688	58.909901	42.245213	99
2689	48.083702	55.934169	48
2690	64.463187	37.121138	69
2691	59.592738	20.610070	7
2692	42.499767	35.023545	82
2693	78.739303	31.491839	63
2694	51.258566	35.439549	20
2695	65.871756	41.819631	50
2696	46.380804	36.255898	57
2697	40.778520	48.196090	25
2698	53.486808	40.071256	68
2699	52.392917	34.842366	82
2700	66.874501	44.394889	1
2701	71.683689	71.294389	14
2702	58.271372	47.483828	9
2703	55.078458	28.800801	51
2704	75.021091	57.421845	13
2705	71.861925	8.574456	6
2706	42.098997	49.954111	14
2707	52.370302	41.851935	65
2708	57.300398	39.415368	18
2709	50.107360	37.367360	61
2710	40.539038	35.653131	67
2711	68.987710	37.928311	15
2712	76.840589	54.439871	36
2713	46.857790	41.089820	65
2714	51.160905	41.631784	52
2715	53.510670	40.231252	65
2716	61.579798	40.015927	45
2717	62.674453	47.419066	76
2718	41.627115	45.578465	89
2719	61.748079	46.815141	85
2720	64.855963	35.664016	69
2721	51.598107	33.824693	11
2722	56.546341	37.820814	12
2723	75.784193	17.168177	23
2724	75.693657	27.026979	83
2725	51.488611	48.266682	33
2726	52.612923	41.401451	18
2727	40.564501	48.443968	40
2728	76.387783	51.000387	34
2729	55.406418	49.576400	5
2730	80.006854	38.381817	80
2731	77.048819	43.662046	7
2732	56.407699	39.561308	63
2733	29.207107	42.647796	52
2734	19.406629	38.895828	20
2735	65.510683	37.969064	72
2736	36.024981	45.363430	68
2737	62.816220	71.120389	49
2738	58.714363	28.159277	80
2739	74.086462	52.569437	93
2740	56.816891	30.873358	98
2741	70.954864	34.907117	53
2742	57.263623	41.560641	29
2743	57.809851	36.347332	71
2744	66.342475	40.774427	27
2745	45.523197	37.504835	38
2746	59.897938	49.344282	28
2747	77.963005	37.966861	45
2748	42.602514	44.966183	5
2749	58.523650	26.656282	88
2750	60.428068	41.270557	92
2751	54.617193	37.569299	95
2752	68.935188	39.772354	24
2753	66.216715	38.342034	3
2754	78.279984	42.997646	59
2755	54.185746	41.959205	81
2756	62.761056	22.087072	55
2757	78.914591	33.447840	10
2758	58.764531	38.730604	60
2759	42.051356	43.695548	85
2760	50.691934	36.705766	3
2761	47.679755	34.914854	62
2762	75.657896	45.916907	79
2763	80.618979	55.303277	93
2764	76.143528	51.199392	90
2765	58.123778	52.249431	79
2766	56.118482	48.375719	91
2767	56.329229	33.544386	17
2768	9.239164	36.461559	8
2769	82.294097	2.666474	56
2770	76.611468	17.423911	57
2771	55.084740	32.399842	56
2772	63.798369	42.123307	84
2773	65.525932	33.444474	37
2774	56.263629	44.387927	2
2775	53.137342	39.212064	83
2776	66.246783	19.724533	39
2777	50.906613	32.402279	84
2778	56.764035	42.662909	45
2779	63.195946	50.938387	74
2780	68.287563	54.060647	90
2781	65.156363	45.239881	20
2782	51.467696	43.079196	90
2783	70.993636	38.315182	42
2784	58.193955	28.098797	21
2785	79.279485	24.695076	100
2786	61.313953	40.205954	62
2787	45.001486	46.389782	44
2788	62.581626	73.863389	77
2789	57.792618	35.713478	37
2790	68.987710	37.928311	56
2791	78.517819	36.469350	25
2792	20.117726	38.391906	91
2793	55.790234	41.490840	47
2794	52.142265	41.104482	6
2795	58.441227	27.221586	13
2796	55.478691	43.965073	62
2797	57.187868	29.861699	50
2798	78.519726	36.435350	44
2799	59.374112	26.920250	28
2800	66.910557	16.768147	92
2801	83.506503	7.385720	21
2802	52.677571	46.577668	73
2803	52.224350	39.156059	42
2804	27.319147	40.605160	86
2805	84.662525	11.225715	97
2806	68.239171	52.632081	54
2807	64.427587	54.035738	18
2808	57.876103	40.475735	94
2809	53.330871	48.293616	28
2810	52.148114	41.586120	43
2811	65.916600	18.265770	61
2812	61.658537	46.936147	13
2813	54.362484	34.081501	25
2814	47.660504	40.349100	80
2815	67.777564	62.676389	33
2816	59.990095	73.440389	25
2817	72.969064	4.814437	21
2818	60.696810	19.644491	38
2819	65.405054	41.792168	42
2820	49.477121	37.699867	89
2821	59.758812	41.207609	53
2822	44.296857	43.904802	72
2823	37.210962	46.080852	65
2824	45.447698	36.363438	37
2825	57.481438	26.466122	44
2826	56.168729	24.996168	44
2827	52.110299	40.085785	95
2828	50.084120	41.418313	46
2829	81.227432	10.338531	96
2830	46.529541	35.167395	56
2831	78.638733	27.393848	85
2832	55.606688	50.755359	71
2833	76.293832	49.405890	44
2834	41.247143	44.883552	19
2835	55.623537	24.026386	43
2836	53.598673	34.210554	67
2837	59.186972	48.075340	62
2838	77.044735	27.850484	81
2839	80.185821	30.095821	96
2840	61.994158	72.602389	40
2841	51.978237	39.305300	97
2842	68.611299	49.336580	14
2843	45.862528	43.328067	54
2844	70.436389	8.839010	65
2845	54.279128	39.950471	86
2846	67.157263	20.482787	84
2847	59.984722	44.933214	95
2848	47.550410	40.787318	48
2849	54.766148	47.220081	72
2850	50.034331	43.534289	27
2851	58.951658	74.316389	84
2852	58.866403	43.871171	79
2853	74.887545	51.343420	81
2854	52.996582	49.061616	71
2855	68.110749	71.276150	74
2856	52.235966	42.006457	21
2857	54.904244	40.957415	76
2858	67.054679	16.412237	7
2859	53.117546	47.593471	36
2860	51.953868	40.482282	75
2861	33.088325	45.799111	45
2862	37.485274	43.878410	85
2863	56.771633	50.440433	78
2864	76.928010	41.158692	66
2865	52.172745	42.968671	37
2866	58.660845	43.762288	98
2867	75.260627	52.749410	92
2868	55.875064	40.480889	32
2869	53.973740	42.698697	56
2870	47.302541	41.211630	71
2871	54.616249	44.817967	44
2872	61.067064	73.999889	92
2873	55.450000	38.422892	97
2874	79.556260	37.811827	68
2875	56.906098	27.645846	86
2876	57.111801	65.512314	49
2877	56.180371	32.860390	68
2878	70.303320	8.479011	17
2879	57.036501	72.762389	71
2880	53.076392	30.873010	49
2881	70.889685	19.646768	36
2882	59.287498	47.822332	41
2883	55.342124	36.545915	37
2884	58.494881	32.529794	52
2885	51.641448	48.963667	91
2886	52.718494	36.104608	73
2887	52.697650	41.287958	43
2888	57.112027	51.984036	89
2889	69.657409	49.352634	22
2890	79.400740	27.548925	45
2891	55.569052	39.991870	78
2892	63.138707	41.109834	92
2893	77.755134	37.389365	19
2894	54.583143	34.952480	89
2895	75.479394	48.673409	7
2896	53.045389	38.532074	18
2897	56.310573	35.236856	91
2898	66.869192	28.050938	33
2899	57.662879	27.587817	55
2900	64.973068	50.552367	60
2901	65.993314	70.491389	100
2902	35.881400	45.567394	78
2903	45.072997	42.786990	15
2904	64.769130	40.167682	9
2905	77.981784	27.823748	53
2906	70.936261	47.521089	33
2907	43.431162	47.377502	45
2908	56.535925	42.622426	13
2909	54.294064	75.515889	89
2910	76.450838	51.615384	91
2911	63.116200	48.779026	74
2912	54.781959	46.956385	27
2913	57.765033	42.656324	49
2914	50.432743	44.329160	33
2915	65.372457	39.421096	67
2916	49.216095	38.170867	44
2917	54.900956	28.272427	91
2918	56.373571	28.737370	50
2919	56.772471	33.861368	94
2920	43.415056	46.999646	68
2921	49.873551	35.024981	85
2922	45.588820	33.297429	68
2923	51.957800	40.644780	56
2924	61.297040	39.006485	82
2925	61.227142	20.666407	55
2926	53.556970	74.816389	44
2927	30.745607	41.698262	50
2928	69.278552	35.719117	15
2929	44.270534	40.591894	64
2930	37.578891	44.403867	39
2931	18.666465	63.760731	53
2932	67.439564	62.278389	77
2933	46.551467	31.406405	19
2934	57.370322	26.733486	21
2935	53.488272	47.880277	16
2936	47.956170	32.601863	15
2937	81.759713	18.359559	80
2938	52.535494	43.797087	27
2939	54.891394	33.134444	62
2940	78.424988	33.255349	48
2941	55.565713	75.207754	50
2942	60.403528	53.402099	92
2943	45.512161	46.255607	73
2944	48.704814	39.297151	71
2945	55.250462	28.669199	42
2946	58.722948	38.275645	22
2947	43.181740	39.570196	44
2948	57.968509	42.442204	72
2949	63.360135	46.304516	49
2950	67.429712	17.703791	31
2951	53.503711	45.868153	60
2952	56.980794	45.991218	80
2953	78.896118	53.430824	51
2954	37.434549	43.906238	74
2955	50.900336	32.192311	17
2956	54.231658	76.259389	40
2957	49.736908	38.827850	58
2958	53.107070	36.302579	45
2959	71.001766	7.650492	27
2960	54.792530	42.756583	27
2961	60.532235	41.057542	22
2962	54.454600	35.151488	88
2963	68.376439	70.576889	85
2964	80.215622	12.271561	73
2965	33.104835	47.820868	57
2966	58.557168	38.766651	60
2967	63.729825	69.823785	32
2968	54.947943	46.642625	89
2969	36.573977	46.529822	26
2970	50.324082	41.006312	15
2971	43.900145	45.767977	1
2972	52.571271	40.680266	41
2973	54.246192	49.870407	49
2974	75.515201	46.437910	17
2975	64.540953	22.866072	34
2976	64.582634	38.469302	87
2977	51.627484	41.381017	23
2978	51.799545	34.600920	6
2979	43.488479	46.765217	61
2980	46.997839	35.309877	80
2981	40.119682	35.740649	3
2982	53.881134	42.296707	83
2983	39.315424	34.510651	76
2984	77.809257	30.147394	38
2985	57.123440	44.566952	17
2986	58.585528	19.839657	1
2987	59.399925	44.587063	4
2988	57.219470	75.359889	80
2989	50.810663	40.639306	19
2990	73.111559	9.462822	10
2991	51.666355	46.979695	45
2992	54.862798	41.561414	79
2993	61.272252	19.241444	48
2994	58.829143	40.366655	99
2995	66.166610	54.062244	60
2996	65.278972	41.737177	63
2997	47.647931	40.184283	68
2998	65.212960	36.487071	48
2999	37.304815	45.389666	87
3000	49.634649	40.310905	10