3000	1000	99999999999			
0	23.589023	22.653711	0		
1	14.051300	31.502237	92		
2	15.653837	36.756863	3		
3	15.893509	31.834689	18		
4	8.150757	31.320041	25		
5	20.718297	21.902055	13		
6	20.722395	24.107038	34		
7	21.504313	8.777147	61		
8	15.234348	32.435708	97		
9	16.999995	30.915159	22		
10	19.196282	33.356104	89		
11	21.789290	24.706806	57		
12	12.919515	6.470849	35		
13	23.429584	30.139490	80		
14	13.748598	11.800862	94		
15	19.081526	27.180600	36
16	21.113797	21.893046	59
17	23.373449	16.784525	36
18	24.706348	18.674829	96
19	19.875611	30.202083	79
20	17.120451	29.942154	20
21	17.169693	4.570918	75
22	17.859432	33.158646	82
23	21.178476	26.652047	25
24	25.833430	28.004429	94
25	20.318000	25.024567	16
26	10.347045	32.188810	9
27	12.323924	5.975911	2
28	20.079077	30.508578	42
29	12.521611	32.215669	72
30	20.898484	28.122555	51
31	22.154648	18.104376	38
32	15.862404	30.853688	89
33	5.489572	33.429123	67
34	14.669411	11.989571	41
35	13.462327	11.468728	78
36	23.059321	20.267498	79
37	19.495610	28.242591	83
38	21.150776	26.760782	2
39	22.383828	17.747013	97
40	23.731710	30.113483	34
41	15.950572	4.955148	53
42	25.496341	20.953939	21
43	13.892014	31.282741	45
44	21.964841	26.517472	73
45	20.424631	28.934068	67
46	22.975818	9.121078	72
47	15.159723	30.212706	19
48	20.185817	24.765301	87
49	24.233701	28.617471	69
50	16.330225	12.358089	69
51	11.188046	32.153095	48
52	21.050775	29.422552	68
53	17.206719	7.065237	48
54	18.445360	32.091122	12
55	17.146770	4.298248	53
56	12.072505	9.752050	34
57	22.905090	24.160734	10
58	15.802507	31.930192	33
59	12.692571	6.697394	48
60	15.729309	12.040529	23
61	25.356046	22.033943	74
62	12.558861	5.934102	23
63	21.084529	25.084548	73
64	22.723779	24.724066	3
65	23.873766	12.025660	43
66	19.866200	30.253583	59
67	19.711019	21.792580	56
68	5.022739	37.663701	47
69	8.468293	33.915055	13
70	22.395554	23.989219	9
71	11.086860	10.766893	82
72	16.579331	37.585557	67
73	19.851032	33.501587	78
74	10.280279	32.956230	1
75	17.492746	4.764931	22
76	12.316240	6.588320	34
77	13.106313	6.301531	54
78	21.130737	26.023230	12
79	10.118155	32.875267	21
80	13.788343	30.679742	95
81	17.418140	4.597920	55
82	18.858539	28.259607	72
83	26.573655	27.672412	73
84	17.639690	28.716139	85
85	19.973525	29.292080	29
86	21.257974	24.814044	8
87	15.680313	3.122617	28
88	14.849415	31.925217	63
89	17.050348	4.324968	90
90	8.479783	30.935282	94
91	16.454064	29.306015	12
92	27.449668	18.044466	38
93	24.492014	18.424581	55
94	15.912282	37.500319	88
95	21.058548	25.841049	50
96	22.037738	27.930526	95
97	21.067492	29.600552	59
98	17.025098	13.211762	37
99	14.872672	12.102542	42
100	20.874991	26.225673	41
101	16.679085	29.738437	85
102	19.167161	32.777604	60
103	22.232300	32.657024	97
104	21.346522	21.589040	42
105	16.922498	3.924892	43
106	9.063173	29.895353	75
107	21.762371	21.342789	20
108	17.965911	11.608632	72
109	16.984716	30.871659	31
110	9.971979	31.896633	66
111	17.497536	37.200714	4
112	17.943585	31.661135	69
113	9.846353	35.070470	56
114	18.309164	30.512624	44
115	21.457508	20.485537	53
116	17.053784	4.375210	67
117	21.492079	23.805037	5
118	16.761750	30.599664	92
119	19.979031	20.980073	91
120	17.108604	37.155640	88
121	16.157401	31.075181	52
122	21.468565	24.726038	97
123	19.573001	30.866091	91
124	11.309830	27.940129	36
125	20.639134	22.090557	79
126	17.144352	32.407657	97
127	16.751561	33.084169	65
128	12.498993	28.160734	51
129	19.974875	33.295584	99
130	25.818916	19.895932	12
131	19.919382	32.816084	97
132	18.991299	30.547666	67
133	18.381438	28.971120	54
134	21.677956	24.016033	9
135	19.596948	28.369588	82
136	21.477095	24.696538	13
137	13.064599	11.899948	34
138	18.458384	31.526465	81
139	5.043037	36.602955	75
140	23.186530	23.120995	10
141	20.236330	25.654570	71
142	22.157610	21.710520	61
143	18.870733	31.958111	50
144	15.610572	1.698291	75
145	16.347304	2.809764	6
146	24.500554	23.537963	97
147	17.011062	31.120659	76
148	19.584905	33.247094	13
149	13.972672	31.403239	54
150	15.663155	37.331615	46
151	20.735793	28.140559	47
152	23.114363	14.410649	71
153	20.963687	29.272554	86
154	12.630257	12.458269	90
155	17.587769	12.284340	48
156	20.461263	30.157568	100
157	26.500823	22.312915	93
158	19.844397	27.801081	8
159	23.083746	29.725499	27
160	20.732397	29.946561	11
161	17.063652	29.209654	10
162	8.684861	29.138483	3
163	17.618824	30.427142	18
164	11.703127	28.182398	99
165	20.290416	32.636575	42
166	20.617078	32.539066	39
167	21.610360	23.747534	60
168	21.571936	25.344536	92
169	20.194546	27.724222	17
170	18.042672	34.889711	55
171	19.899742	33.467086	25
172	26.032604	19.179335	90
173	27.727881	18.026364	90
174	15.832365	31.391690	12
175	21.006944	22.754549	85
176	18.732899	27.586110	39
177	15.688058	5.083914	8
178	15.924313	30.914187	64
179	19.697721	32.885590	89
180	14.675587	12.301291	22
181	19.816003	26.771581	30
182	25.771246	17.787352	45
183	17.415603	28.512144	70
184	14.034975	31.138083	57
185	15.636037	32.502197	68
186	19.299118	13.022509	12
187	16.676057	35.647462	19
188	17.621919	37.793284	28
189	15.138230	31.660709	20
190	20.607492	32.153155	3
191	20.411049	29.774569	71
192	17.607837	13.332931	26
193	19.349500	35.574603	12
194	7.755485	32.054973	2
195	18.316457	29.644123	33
196	19.319219	21.110589	19
197	20.249775	21.341066	22
198	9.444650	30.752627	5
199	15.597742	11.522922	83
200	20.582770	25.718061	85
201	8.525550	11.924852	20
202	14.277983	4.451890	53
203	24.631848	22.604960	85
204	11.365595	31.938615	13
205	15.138038	29.935206	2
206	19.353906	22.601589	41
207	15.314891	2.805801	49
208	25.361327	19.807943	34
209	16.961270	28.552060	27
210	24.247869	22.224237	53
211	20.104081	27.556575	16
212	18.686731	2.511058	14
213	24.284407	13.345323	85
214	23.163729	18.781256	43
215	14.445007	6.420049	8
216	20.409653	25.496065	7
217	23.879583	21.545478	73
218	21.394014	28.141542	54
219	24.036194	24.963975	83
220	22.835807	23.263004	51
221	14.295889	31.625231	96
222	22.881735	19.969002	63
223	20.904045	24.057052	54
224	20.999666	21.948048	27
225	21.629970	25.077035	46
226	20.955530	25.031551	5
227	19.046485	12.145521	38
228	19.657277	27.170586	43
229	24.710486	22.048458	18
230	18.828090	28.857019	92
231	20.675143	30.160062	77
232	14.328829	31.628730	79
233	23.645114	23.512484	64
234	17.021380	6.907238	7
235	14.792550	31.633218	85
236	9.997070	28.389997	45
237	18.391987	29.683621	67
238	19.761191	30.896087	57
239	23.952362	21.589477	49
240	14.542685	30.447454	64
241	19.075482	28.111101	68
242	7.086814	31.990630	4
243	18.022513	34.991589	52
244	20.234424	24.095069	3
245	17.555402	31.262478	71
246	20.879047	30.316710	11
247	23.035487	21.941499	10
248	22.791871	12.049339	24
249	20.561021	29.643065	45
250	21.428078	27.872541	81
251	18.518794	32.503121	24
252	14.461598	5.997497	73
253	20.064703	13.064106	46
254	20.042839	25.056074	5
255	20.049845	33.318582	87
256	25.422429	15.179176	9
257	12.296677	8.298536	63
258	20.688848	25.051984	33
259	19.608941	28.870588	11
260	16.354595	30.355607	84
261	16.300978	28.166673	97
262	15.542493	30.911197	77
263	18.212768	31.530628	95
264	18.844068	30.923610	83
265	17.294466	28.955148	96
266	18.486462	29.336618	20
267	20.109870	24.990072	25
268	16.452077	36.850626	59
269	20.382101	24.261565	24
270	9.157104	29.833539	21
271	15.978530	28.601182	16
272	23.742017	24.044482	44
273	18.200003	32.491629	34
274	15.867769	30.213218	62
275	11.831815	33.808015	22
276	19.148288	34.973608	52
277	19.508371	27.562090	28
278	21.134612	23.548546	45
279	17.201688	30.739653	97
280	19.103923	29.989103	85
281	20.777978	20.486553	4
282	17.302455	4.028386	37
283	19.666201	10.232932	26
284	21.900580	25.754528	14
285	22.735178	21.140506	84
286	8.379131	31.932629	91
287	19.962077	23.869075	56
288	21.788973	30.974534	63
289	9.083544	10.778915	56
290	19.748854	30.642087	84
291	18.828090	28.857019	14
292	20.013469	29.058578	14
293	16.604213	8.099733	63
294	20.383590	33.678573	2
295	18.828141	32.067612	32
296	23.988944	22.861476	88
297	15.685781	28.514189	62
298	17.554159	37.356945	8
299	19.851434	34.079340	74
300	16.596883	12.400099	76
301	9.922221	32.127969	7
302	21.257974	24.814044	56
303	21.796537	24.627530	67
304	20.173570	33.017078	59
305	19.640656	31.213590	38
306	21.864198	24.568528	43
307	18.309219	32.110182	28
308	16.406334	29.622672	20
309	14.527549	31.646725	51
310	21.077190	31.091553	100
311	17.953092	31.245134	43
312	14.406818	30.483226	70
313	17.974335	31.686134	7
314	14.632861	28.846838	61
315	21.864198	24.568528	58
316	18.965096	35.429473	66
317	19.392388	34.332600	80
318	19.677462	23.540082	97
319	5.298917	36.365317	69
320	19.096656	27.200100	64
321	9.508769	12.194952	58
322	12.226130	33.130220	26
323	22.724417	17.803005	26
324	16.483771	29.208094	2
325	21.950473	24.919526	35
326	19.910928	23.808576	79
327	18.377551	27.441619	41
328	18.478181	29.425118	94
329	21.229700	30.427048	25
330	11.877641	33.552655	63
331	16.748726	11.078764	41
332	22.353206	24.004016	77
333	16.165587	29.471678	43
334	20.894755	24.374427	81
335	15.897321	32.303690	6
336	19.267201	29.167326	38
337	20.008591	9.924657	66
338	18.850179	31.566111	94
339	7.261047	32.232636	15
340	10.716266	32.538602	20
341	16.965837	13.190489	99
342	20.636449	32.485565	45
343	20.246265	27.964571	51
344	23.913117	23.349978	45
345	18.292831	30.037624	91
346	11.280045	9.334361	19
347	21.616783	24.858535	28
348	25.627762	24.436436	74
349	19.831128	20.549576	66
350	24.848491	23.801455	70
351	19.840394	28.039082	99
352	18.862573	32.569612	27
353	10.102067	38.006859	31
354	11.673116	8.899238	45
355	8.890233	30.270697	2
356	19.797945	29.164258	83
357	20.534648	25.789062	42
358	12.098186	9.722478	53
359	21.601198	24.506535	30
360	21.434264	20.064537	21
361	17.841524	31.082637	64
362	14.032224	4.453256	58
363	11.104357	9.730423	86
364	19.239405	27.165590	69
365	19.682650	8.659541	85
366	18.577263	29.811400	97
367	22.880865	23.449503	47
368	19.879582	9.422691	41
369	17.599843	31.126643	65
370	18.482883	12.515600	99
371	17.816647	31.546138	59
372	15.953031	29.978526	36
373	20.661819	12.641406	2
374	18.775711	31.258105	58
375	19.877495	26.899209	24
376	17.937302	31.877635	53
377	25.778660	27.285933	66
378	16.283974	30.248176	57
379	14.385012	31.786881	80
380	14.269078	31.645232	64
381	20.889340	8.725736	23
382	27.188881	27.218896	53
383	20.590665	22.064558	48
384	18.146350	28.137646	36
385	22.376221	22.979015	57
386	18.093499	30.791130	14
387	22.952048	30.351003	4
388	20.721351	20.284054	82
389	20.569146	27.956063	60
390	23.105682	32.266300	89
391	17.414975	37.293348	66
392	15.731701	37.266226	72
393	8.274898	32.169641	44
394	19.388922	30.106095	79
395	21.019461	23.635549	49
396	15.644494	29.833606	67
397	19.975289	28.334579	77
398	19.690486	23.925582	72
399	23.629654	22.807484	47
400	18.682821	32.677117	47
401	17.029668	37.272288	68
402	19.083956	29.332893	84
403	18.453504	32.456623	65
404	18.496798	30.759237	65
405	18.876777	27.104105	50
406	11.147928	10.350811	37
407	19.407291	34.842601	43
408	16.360166	36.468647	22
409	17.557913	4.153210	43
410	22.001708	29.983028	35
411	15.793406	30.712690	29
412	23.428112	23.619990	78
413	17.941259	32.042636	27
414	21.628407	25.271535	44
415	19.485337	27.134090	62
416	10.111792	32.028286	41
417	17.683192	37.469827	89
418	17.550921	29.977143	24
419	21.613796	26.051035	34
420	17.431467	28.947645	59
421	7.628970	30.928294	17
422	11.693043	27.659073	89
423	18.143028	35.886105	97
424	17.559605	11.870843	85
425	19.792579	25.726581	3
426	13.489461	4.440508	59
427	20.456748	13.700454	25
428	17.880346	35.796340	52
429	9.954249	32.889009	15
430	21.739654	25.491032	9
431	21.911728	32.709532	60
432	21.517545	22.062036	16
433	9.599944	35.132427	94
434	17.522067	32.776648	11
435	26.755603	22.289909	16
436	20.200120	33.663078	36
437	23.105682	32.266300	53
438	21.745438	25.212032	97
439	31.394344	9.229507	93
440	8.645565	32.940756	10
441	15.617573	30.891920	42
442	17.029668	37.272288	65
443	21.739654	25.491032	71
444	27.774187	17.816998	64
445	20.501802	19.597559	81
446	12.051823	10.949471	81
447	20.335584	21.456064	27
448	10.922042	9.575700	79
449	23.914967	29.610978	65
450	20.590665	22.064558	25
451	9.879064	34.817198	67
452	17.234688	3.810705	63
453	22.048832	25.626024	47
454	25.914333	21.525929	51
455	21.492653	8.680320	28
456	20.100353	32.797080	73
457	10.125829	31.918475	90
458	18.713382	4.627729	82
459	19.757034	33.320589	8
460	22.426713	23.565514	9
461	20.570837	27.238063	67
462	19.504792	34.283808	12
463	20.948694	20.094049	35
464	12.080382	33.372730	94
465	20.010484	24.087574	62
466	18.743523	31.274114	43
467	18.015788	30.213631	72
468	15.622401	29.287658	17
469	21.395298	19.813538	19
470	17.398267	28.659082	96
471	13.312632	12.153846	80
472	19.329058	21.163089	87
473	22.622146	30.052511	19
474	14.009002	5.390541	64
475	20.811604	26.120556	80
476	19.008103	2.938088	63
477	22.457925	30.145016	12
478	18.967139	31.563420	14
479	19.446539	20.480585	40
480	16.838678	31.348163	72
481	15.504227	31.903699	14
482	23.120522	18.756926	92
483	21.264717	25.233044	53
484	24.149883	24.278972	26
485	19.137159	28.956101	81
486	22.068212	25.640024	13
487	15.632308	30.551656	53
488	11.334799	10.612554	40
489	20.040419	27.917338	1
490	22.829463	23.537004	78
491	24.849807	21.278955	48
492	7.408697	30.545139	39
493	16.645530	28.750194	16
494	18.397333	27.335618	100
495	25.957313	27.494927	65
496	18.012215	4.269399	74
497	15.879225	32.041190	47
498	19.234817	28.441598	39
499	19.876315	28.646081	91
500	6.205789	31.105858	25
501	15.956131	1.516004	68
502	20.679760	20.368555	16
503	14.855715	12.741566	65
504	23.089722	20.897497	45
505	20.403906	27.256067	49
506	24.227616	20.614767	46
507	21.716373	24.872032	13
508	19.245530	33.535103	5
509	19.413877	31.099596	91
510	19.924228	28.440580	18
511	17.658354	30.863272	56
512	20.289954	30.053572	86
513	11.172309	11.531927	22
514	20.289867	21.261065	63
515	23.917996	18.877683	81
516	15.143148	31.141708	65
517	24.913474	16.050658	64
518	22.917767	21.940002	91
519	19.267294	32.603601	18
520	18.700336	35.960431	83
521	15.153728	29.928705	98
522	10.469799	33.735927	43
523	17.829725	33.224121	84
524	22.205748	25.266520	51
525	12.285585	33.323636	63
526	23.433529	8.786107	81
527	23.952401	20.970477	44
528	12.958566	7.347588	90
529	13.895062	34.625384	7
530	14.306265	31.265230	50
531	11.358585	32.898038	93
532	25.563301	18.922426	46
533	12.103286	8.488529	48
534	14.947083	11.546573	72
535	20.831609	30.444058	38
536	15.631860	29.850693	18
537	25.717832	28.037905	44
538	18.008206	31.643633	41
539	14.794106	31.875218	47
540	13.008988	9.492010	52
541	21.941242	25.613027	77
542	16.877866	37.750438	43
543	15.735903	30.906192	57
544	20.297694	28.759071	59
545	13.832614	29.420739	81
546	22.345266	12.099949	90
547	17.994451	31.217040	89
548	16.244240	31.153179	6
549	22.088050	34.701029	79
550	20.337112	28.233069	58
551	25.046831	21.673450	33
552	17.613630	28.772640	54
553	21.048700	34.495556	83
554	20.496444	24.722063	97
555	21.816937	25.264530	51
556	8.125044	31.564234	13
557	18.975240	33.051429	11
558	20.679796	27.941060	44
559	20.245213	22.636901	53
560	21.481516	12.882713	97
561	19.725179	27.709084	96
562	24.583315	20.673461	98
563	7.336912	30.706036	17
564	22.148882	24.275521	28
565	9.752711	12.946919	74
566	21.109107	32.677053	15
567	13.770173	31.315744	93
568	22.440576	32.944018	71
569	20.607492	32.153155	87
570	19.322720	30.907598	27
571	24.354484	24.241967	96
572	21.812177	23.965029	69
573	8.731259	30.869442	82
574	26.243276	27.878920	3
575	14.314251	12.156907	38
576	23.041786	13.320220	48
577	21.891945	20.015026	5
578	24.372612	22.327766	42
579	19.505079	21.750085	39
580	19.265131	22.277091	11
581	8.052180	32.514269	34
582	5.471955	36.867220	79
583	25.871522	17.761551	23
584	19.255617	29.749098	45
585	12.197320	6.523782	7
586	19.494895	27.955091	42
587	21.204514	24.117545	97
588	18.930156	30.751509	18
589	26.632917	19.848913	59
590	22.900628	15.629446	100
591	21.643804	25.483534	86
592	21.198021	8.921364	89
593	19.817274	28.744078	24
594	20.953300	25.703552	51
595	6.667802	31.298030	46
596	7.991927	34.289310	7
597	20.349147	23.228065	32
598	12.059952	8.238504	14
599	15.466411	30.401698	79
600	19.541759	34.941097	37
601	14.331836	31.162229	2
602	13.058641	32.669079	12
603	9.654045	32.132848	10
604	11.747019	10.622226	57
605	20.499842	26.265049	93
606	16.239230	29.874177	50
607	20.986742	21.543049	88
608	19.812962	33.451088	10
609	16.383003	30.354174	91
610	22.611524	12.088065	64
611	7.928170	30.962126	92
612	21.069294	20.092546	88
613	16.650771	29.200165	87
614	21.281991	19.606040	26
615	16.046074	11.710970	87
616	16.464231	36.925711	91
617	20.170639	21.787069	33
618	12.083274	10.949757	20
619	20.872937	27.213555	1
620	22.321671	32.614521	58
621	4.409357	30.119135	83
622	20.192683	23.513569	63
623	20.424616	10.895619	66
624	23.841228	20.495979	47
625	20.586756	24.602560	10
626	15.669831	7.051327	88
627	12.471462	9.886904	42
628	14.790894	3.526305	57
629	20.361098	29.148569	16
630	15.162302	31.559708	51
631	17.995093	33.114636	29
632	12.374588	33.164053	77
633	18.193925	13.564620	60
634	27.202982	22.392398	93
635	7.822091	31.791831	24
636	14.768007	31.774719	15
637	19.785421	21.670078	30
638	15.342549	12.330351	3
639	25.795635	22.139432	23
640	17.879985	34.051210	58
641	11.056733	32.935332	90
642	16.338616	29.519174	64
643	16.886903	31.020162	34
644	14.434406	3.517374	39
645	19.271748	29.019097	74
646	10.888060	31.716751	2
647	16.338616	29.519174	26
648	17.160729	37.019153	46
649	27.945189	16.885705	96
650	18.178472	32.551130	89
651	21.825283	24.907030	96
652	18.584018	31.549118	60
653	21.306227	24.598042	85
654	20.492777	23.195562	53
655	9.646684	31.997592	46
656	17.591671	34.061994	51
657	19.607723	32.706093	62
658	22.677481	20.261507	35
659	18.800743	31.285612	87
660	19.537440	30.876592	38
661	26.149686	20.608924	97
662	19.262011	21.433996	80
663	17.263773	37.539864	57
664	12.011178	8.336645	23
665	21.325547	23.905041	40
666	13.062926	33.760737	36
667	15.165476	30.013205	87
668	15.625944	32.106197	66
669	26.325060	27.841417	78
670	17.410856	27.945042	94
671	23.038237	21.951499	94
672	12.288370	33.227519	25
673	20.285202	34.204576	53
674	21.929747	25.298027	59
675	20.813811	22.985554	76
676	20.181061	24.837282	56
677	19.656656	31.209090	46
678	26.909586	21.336406	36
679	16.336577	32.013678	44
680	5.856635	30.914414	56
681	13.899061	30.809740	92
682	22.193957	30.060020	11
683	11.207883	32.378541	23
684	18.471317	30.970620	72
685	14.719701	29.656216	25
686	20.183188	23.134569	52
687	20.663508	30.517563	24
688	17.260088	3.134625	33
689	19.609717	29.158089	92
690	8.405692	30.653440	71
691	15.922940	36.976445	14
692	15.830379	30.549689	68
693	20.318000	25.024567	2
694	10.803502	33.538235	68
695	21.430448	22.494538	89
696	10.192565	11.214362	64
697	13.801389	29.701240	92
698	26.819168	12.342829	41
699	20.848970	29.085557	35
700	23.762560	25.131739	24
701	24.005957	30.362977	93
702	16.927271	31.161161	35
703	18.508417	30.799886	84
704	23.029994	15.483152	44
705	20.980362	34.320558	50
706	15.076147	31.179709	65
707	23.193957	14.667694	64
708	19.786037	24.073763	32
709	13.858451	29.909696	79
710	19.469071	22.322086	14
711	23.765375	24.839981	33
712	24.947892	21.596953	7
713	26.360733	20.125919	8
714	27.287218	23.425896	65
715	17.129901	4.411093	7
716	19.419179	35.641601	19
717	20.492777	23.195562	30
718	23.049398	23.235999	59
719	17.442839	31.352648	70
720	21.839188	25.211029	91
721	20.872674	21.438051	45
722	20.518846	29.099819	43
723	24.462119	18.988359	77
724	9.578575	12.207171	60
725	19.673239	27.703086	14
726	16.302207	31.348178	68
727	17.232666	28.339649	38
728	21.085828	30.536052	53
729	19.380293	32.362098	13
730	14.611478	31.726223	84
731	17.733332	4.236705	54
732	21.080478	30.568552	5
733	13.532974	34.505424	18
734	12.229469	6.664372	96
735	15.957019	31.174186	82
736	18.502761	28.106616	99
737	19.063184	31.268605	97
738	21.281991	19.606040	32
739	17.686206	4.121834	70
740	20.105337	23.219071	32
741	12.653402	33.448569	60
742	18.378653	36.527872	26
743	20.797193	26.827057	47
744	19.696883	28.767086	60
745	27.641384	22.300888	83
746	20.265141	23.608568	83
747	20.896534	28.799055	44
748	17.553657	32.801147	71
749	15.350955	11.758671	62
750	19.179028	29.025100	46
751	14.376025	30.650227	82
752	26.650061	14.061733	92
753	9.386189	32.928233	12
754	20.484833	30.167067	9
755	5.342967	36.292190	75
756	19.253657	22.544092	44
757	18.362524	35.246043	68
758	11.809540	34.082204	58
759	10.718007	9.758272	99
760	12.820189	6.170147	56
761	21.464175	24.048038	31
762	20.163433	25.491071	2
763	16.302207	31.348178	85
764	14.979834	29.527209	72
765	21.095236	25.415683	9
766	18.572617	31.642618	23
767	14.359928	3.206480	71
768	24.177092	25.068471	57
769	19.690486	23.925582	65
770	20.298271	21.618065	12
771	20.099928	29.198751	68
772	16.772881	3.417282	64
773	10.194187	10.001751	51
774	16.198837	12.530472	75
775	20.058959	33.719082	91
776	8.699830	30.632714	95
777	22.717764	22.139007	76
778	19.031890	28.232103	98
779	20.269076	30.592573	99
780	19.474766	12.637079	25
781	18.038943	28.580629	36
782	20.549392	23.548560	20
783	21.207477	23.651973	71
784	21.915959	25.846028	58
785	17.507066	30.927645	52
786	23.352277	14.682776	59
787	21.477761	24.324538	52
788	14.575055	12.027139	72
789	23.901653	29.698979	96
790	22.027220	25.118025	7
791	10.053236	32.825850	36
792	17.555993	4.944404	70
793	17.967865	27.899837	58
794	20.426302	28.162221	5
795	19.788379	24.419080	82
796	19.962046	25.890577	8
797	20.691967	23.106820	21
798	27.864060	14.252184	15
799	20.446456	28.610119	65
800	16.380202	2.983889	57
801	18.520923	31.889620	20
802	11.947081	10.867486	62
803	17.984360	28.144129	9
804	6.662267	31.961028	94
805	19.713571	24.293082	79
806	19.559410	26.956588	17
807	14.270597	3.913424	39
808	26.646642	21.610412	41
809	24.149883	24.278972	4
810	20.557756	20.566681	38
811	20.217747	29.188573	15
812	25.700050	11.057706	50
813	19.733146	27.879084	91
814	20.662865	3.642758	13
815	21.430798	30.117544	54
816	16.296149	31.043995	53
817	11.679730	8.457942	27
818	18.071384	28.540628	33
819	21.702055	25.417533	29
820	21.718155	25.447033	66
821	6.860479	31.723755	40
822	16.800470	30.593663	19
823	19.374673	30.056596	55
824	19.000811	31.412107	93
825	17.872784	13.218546	22
826	15.617573	30.891920	87
827	18.430867	27.704117	19
828	22.859469	23.146003	82
829	21.417486	30.138042	2
830	19.721189	23.047081	10
831	11.963948	28.284044	7
832	20.619447	28.590562	94
833	21.957461	8.148360	17
834	13.535253	9.968269	24
835	9.452046	34.163453	85
836	22.499597	24.664013	27
837	7.249459	30.554591	96
838	14.064570	3.514363	60
839	19.127051	32.130105	77
840	22.980117	23.325500	8
841	18.618302	12.394371	32
842	15.133228	29.921706	75
843	15.435956	31.297200	17
844	10.901577	33.385174	11
845	21.090218	27.166549	74
846	18.889804	29.589858	85
847	22.748335	23.423006	60
848	17.857062	36.747760	97
849	26.637764	22.227912	87
850	23.193957	14.667694	57
851	18.877336	27.140105	31
852	12.317975	6.928196	93
853	20.550291	28.311564	22
854	23.413986	24.722605	28
855	18.658897	33.644619	17
856	18.362898	29.307735	91
857	20.136317	33.194579	9
858	12.953898	6.272911	58
859	16.917688	37.971613	60
860	16.027539	29.942182	8
861	21.906053	25.546528	49
862	22.733675	12.063754	58
863	14.908240	4.838328	42
864	21.998711	25.688026	73
865	14.568836	31.226223	24
866	20.254914	28.719572	51
867	11.938136	28.481038	41
868	19.548351	28.824090	39
869	22.312108	30.544521	79
870	17.934398	34.917459	55
871	18.581127	31.972801	96
872	19.011730	32.157108	56
873	17.963864	29.782132	42
874	18.976456	29.003481	43
875	14.150530	34.743222	53
876	18.534122	27.371114	96
877	20.262171	24.254068	25
878	13.302223	29.691031	52
879	23.761305	13.985922	47
880	15.068321	32.220212	9
881	20.392731	30.277070	98
882	17.303001	3.659826	16
883	12.158426	8.820307	43
884	24.042182	29.936476	83
885	24.241815	18.637560	74
886	14.032450	31.499738	56
887	19.849214	21.434576	69
888	9.322317	11.442870	11
889	15.694651	31.032193	100
890	10.666287	11.964242	10
891	23.090162	20.224497	26
892	16.633820	13.077672	22
893	20.927445	32.767058	76
894	20.094473	28.793576	35
895	17.907742	31.249135	48
896	18.181410	30.713627	8
897	16.051874	12.804396	11
898	12.553075	33.445329	74
899	23.080411	20.239497	92
900	17.546826	37.845005	4
901	21.095332	34.359055	82
902	12.176019	8.462242	2
903	16.785268	37.022100	6
904	17.193371	31.209154	51
905	20.304093	24.790567	43
906	15.385904	12.603779	36
907	18.374683	28.816829	91
908	27.779724	16.636857	13
909	19.056412	28.634182	65
910	17.778949	32.034640	18
911	21.391434	27.382924	42
912	21.958453	32.423031	17
913	21.528412	24.939037	97
914	21.808313	24.863030	14
915	25.768230	20.363933	13
916	17.941007	32.180136	1
917	19.013817	28.400603	77
918	18.207648	31.531628	80
919	20.435369	29.754568	45
920	11.322576	9.334895	53
921	21.910220	25.078528	19
922	15.309196	31.953705	93
923	18.808680	29.533110	42
924	19.591371	28.731116	89
925	7.080609	31.685961	34
926	18.022513	34.991589	46
927	19.582210	34.390701	23
928	16.067904	31.742223	15
929	22.094020	30.082526	21
930	15.397756	31.941202	87
931	21.433137	28.650542	99
932	17.687955	29.768496	69
933	14.196108	31.370190	46
934	19.295556	21.323590	92
935	23.952362	21.589477	4
936	7.627704	30.906432	95
937	14.575020	12.136474	95
938	19.787473	21.755700	33
939	23.800609	13.659784	28
940	18.236013	31.846628	78
941	21.578875	29.489038	2
942	21.367064	24.010131	72
943	14.998080	29.554830	67
944	23.189336	21.297495	38
945	19.584905	33.247094	50
946	15.060760	2.577000	25
947	17.748147	29.586637	71
948	21.795565	26.744031	41
949	19.541759	34.941097	19
950	14.698232	31.479220	73
951	12.089778	28.981077	3
952	22.991372	10.148512	70
953	19.105777	29.096102	50
954	22.003531	25.029025	71
955	21.565946	22.631035	14
956	21.343339	8.702071	92
957	21.412973	26.902541	93
958	20.034442	32.823581	88
959	16.979570	35.594728	40
960	23.688723	19.573841	46
961	15.066928	31.162710	79
962	14.897169	5.042289	4
963	20.479681	29.593067	29
964	18.888177	27.749106	33
965	18.205026	31.486713	68
966	19.952642	23.541575	69
967	19.047584	29.916604	1
968	14.444184	30.701725	78
969	13.634088	31.001747	79
970	23.908060	29.641979	72
971	20.579773	23.463060	4
972	23.103841	25.063498	73
973	19.064268	34.186594	25
974	23.218665	19.995494	44
975	11.483918	33.915911	14
976	16.265171	33.987038	97
977	21.912546	24.010027	81
978	20.118301	9.486143	61
979	21.300080	30.166046	91
980	17.921863	31.829636	4
981	20.891273	23.483052	69
982	21.051608	25.840049	77
983	19.407291	34.842601	99
984	11.250617	33.223291	67
985	10.698347	12.317829	100
986	18.429335	32.719625	9
987	18.581583	27.332613	55
988	20.691858	28.517060	16
989	20.689655	20.733055	12
990	17.700693	4.038668	55
991	20.371466	21.338563	82
992	7.912821	31.248204	64
993	17.389650	31.308649	37
994	11.103691	32.418767	62
995	12.346815	8.450269	82
996	15.557518	35.406924	56
997	22.035836	25.334025	27
998	7.525965	31.641724	90
999	17.187747	33.513271	6
1000	25.638621	17.384330	15
1001	19.149929	27.667099	85
1002	12.474271	7.697316	35
1003	8.000305	30.912417	96
1004	17.730154	35.317986	28
1005	18.175159	32.752630	24
1006	19.920020	27.603579	67
1007	11.476680	28.224592	58
1008	13.222406	4.613992	61
1009	20.710017	29.878561	35
1010	20.479681	29.593067	82
1011	9.846353	35.070470	74
1012	21.329818	20.496040	40
1013	14.916581	31.539214	84
1014	24.719642	23.689958	11
1015	11.133543	29.600172	5
1016	23.686478	14.880742	29
1017	17.621314	35.256307	96
1018	17.985025	29.069631	49
1019	20.989194	26.771552	84
1020	11.382067	9.135428	5
1021	9.192219	29.928277	15
1022	10.544492	34.427879	58
1023	19.219730	34.453102	83
1024	19.404077	32.401598	80
1025	23.117417	19.875996	42
1026	17.120970	30.601155	7
1027	19.976909	20.448072	51
1028	16.507325	12.756292	97
1029	26.233779	27.734419	93
1030	18.834544	13.032178	72
1031	16.122769	31.191182	84
1032	16.402021	31.133175	50
1033	17.960342	32.967805	78
1034	22.032088	21.139523	5
1035	19.584148	23.137584	82
1036	19.463849	20.990765	86
1037	21.162861	21.626831	14
1038	16.397974	37.042667	40
1039	19.647775	21.379581	96
1040	16.858295	11.804358	2
1041	27.445413	13.044775	99
1042	15.842061	28.504185	25
1043	5.387863	36.220990	46
1044	11.478460	9.135426	59
1045	18.549869	27.601614	69
1046	16.267493	30.995678	27
1047	20.818230	28.372057	37
1048	21.700692	24.948533	29
1049	16.465367	28.665323	2
1050	9.250601	32.708187	6
1051	21.741323	22.994579	68
1052	20.819736	25.967055	65
1053	12.190049	7.890746	18
1054	27.864012	15.120801	56
1055	22.009969	29.245027	13
1056	21.138251	24.950047	32
1057	17.992955	27.892969	41
1058	20.361138	30.497571	14
1059	16.528198	30.064170	70
1060	15.110838	31.153709	40
1061	7.555856	31.493028	73
1062	12.240052	28.240062	24
1063	14.726741	30.918218	40
1064	20.262896	25.944569	25
1065	5.376876	36.411776	33
1066	11.322128	10.719378	20
1067	20.497368	25.155063	58
1068	24.092607	17.805158	62
1069	18.171360	32.033129	35
1070	17.492344	31.021146	93
1071	6.667802	31.298030	29
1072	23.770810	23.095981	59
1073	17.437995	31.000147	66
1074	19.206063	28.815987	24
1075	15.747020	4.688386	13
1076	20.955530	25.031551	20
1077	12.406282	32.359311	51
1078	23.040026	23.387499	40
1079	19.995913	20.223572	37
1080	12.332062	7.693664	31
1081	15.802178	31.287029	20
1082	14.675767	31.195720	35
1083	17.272058	33.976183	41
1084	19.019578	32.319108	81
1085	27.806760	22.557884	8
1086	20.657789	20.431556	68
1087	20.732397	29.946561	43
1088	16.264749	31.540058	59
1089	8.791810	31.717031	69
1090	25.283416	17.371427	91
1091	25.659910	20.366436	5
1092	14.555498	31.524770	31
1093	18.814421	28.148108	99
1094	16.572670	9.467500	92
1095	25.707357	24.138434	66
1096	14.920982	31.488214	14
1097	17.703618	31.442641	74
1098	17.226653	29.463897	36
1099	11.837463	8.544571	80
1100	20.475784	24.762063	4
1101	17.505388	28.135955	26
1102	25.904398	12.582531	26
1103	15.804473	36.982537	31
1104	15.299802	31.549204	37
1105	18.146339	31.443629	56
1106	18.169602	36.465665	29
1107	22.267585	23.429018	74
1108	20.850693	24.866554	89
1109	18.071674	13.521729	49
1110	14.505674	29.028100	26
1111	18.799580	32.133113	32
1112	9.292566	29.644317	49
1113	18.398056	27.998964	62
1114	18.467368	31.549621	91
1115	19.012554	31.900107	7
1116	18.307741	33.027513	10
1117	21.858551	21.622527	65
1118	25.891400	27.879928	49
1119	23.643959	30.112985	25
1120	25.626357	28.105940	11
1121	19.904928	25.783078	89
1122	23.324016	14.726497	2
1123	15.952042	37.480964	6
1124	19.064452	32.058106	36
1125	19.979652	33.488084	65
1126	19.677462	23.540082	59
1127	19.940357	30.474581	26
1128	16.725991	3.369915	84
1129	22.773808	29.672007	14
1130	21.438756	24.663539	11
1131	19.891109	28.392581	63
1132	21.186281	33.752052	10
1133	18.808971	28.779609	21
1134	11.150369	32.881027	44
1135	11.074565	34.815370	96
1136	21.395194	22.797039	93
1137	19.881464	27.963114	36
1138	13.873129	11.801183	97
1139	12.025700	7.407460	37
1140	19.265131	22.277091	66
1141	4.862946	35.486579	80
1142	22.927514	20.090001	13
1143	14.843330	33.471720	24
1144	5.135002	36.463966	85
1145	15.213407	11.916268	68
1146	16.861239	36.890321	7
1147	19.416157	12.229522	41
1148	17.757276	4.416030	8
1149	26.155381	22.398923	50
1150	11.130350	11.516306	87
1151	19.386762	28.102593	49
1152	18.708624	31.174114	40
1153	15.043058	31.114210	7
1154	20.662535	13.409721	44
1155	20.215259	20.474067	10
1156	18.602355	22.010107	77
1157	23.031592	29.567002	90
1158	11.073095	33.146743	84
1159	26.840894	21.533907	24
1160	12.566385	9.779345	42
1161	16.251702	36.474900	91
1162	17.941259	32.042636	50
1163	20.219049	25.030080	72
1164	24.490253	29.298463	56
1165	23.434621	29.694991	26
1166	25.323765	28.679942	71
1167	20.128990	29.621576	41
1168	21.473328	23.874538	97
1169	17.109607	3.534638	99
1170	19.451884	28.639092	48
1171	17.512992	1.436107	67
1172	22.485590	23.098013	29
1173	15.540768	31.224697	30
1174	16.429503	5.335093	45
1175	21.462984	24.127538	54
1176	15.875090	31.121688	50
1177	19.514324	22.104085	52
1178	14.819851	28.454211	7
1179	17.719279	13.185986	85
1180	23.719004	24.931983	45
1181	14.558129	30.438222	49
1182	14.150469	12.625785	50
1183	19.620463	29.375589	57
1184	13.198463	32.688077	87
1185	15.802511	31.660691	76
1186	17.764271	2.146438	23
1187	23.105985	20.003997	70
1188	20.398353	22.154063	49
1189	18.664171	28.146112	7
1190	20.068452	28.158576	26
1191	18.152695	28.439625	43
1192	19.901499	29.043581	75
1193	18.837391	28.131608	57
1194	22.688933	23.539508	39
1195	17.927178	33.463638	97
1196	20.664700	30.390563	14
1197	16.966265	29.662158	72
1198	12.088336	9.292951	43
1199	19.491554	21.445585	69
1200	20.182321	10.674711	77
1201	24.978384	16.299147	94
1202	17.593365	30.866709	36
1203	10.125829	31.918475	93
1204	25.259004	17.810863	14
1205	11.668315	33.750528	3
1206	23.827970	29.409982	94
1207	20.450645	23.360063	47
1208	20.337791	24.259566	25
1209	23.672446	22.657983	29
1210	19.279853	28.727597	84
1211	11.520659	33.931425	93
1212	13.926624	34.230465	31
1213	19.730399	35.660593	93
1214	19.521058	9.906253	16
1215	22.326771	23.653017	9
1216	8.716333	32.527070	79
1217	20.714222	22.897056	13
1218	19.681078	30.412088	81
1219	10.348301	32.546568	51
1220	22.801386	16.480724	74
1221	20.561021	29.643065	39
1222	17.165938	30.743654	13
1223	28.366809	14.833327	15
1224	24.117743	21.493473	17
1225	22.981360	30.422002	21
1226	20.064859	19.817570	58
1227	17.894803	4.167127	36
1228	17.812175	29.734136	14
1229	23.433529	8.786107	88
1230	11.897302	8.039296	44
1231	16.908084	37.271896	34
1232	25.915364	21.490429	59
1233	14.398705	31.234227	22
1234	14.179553	31.386233	64
1235	21.500663	12.987519	20
1236	12.459451	33.374721	63
1237	17.809939	30.732137	80
1238	23.799844	29.078378	19
1239	15.834039	29.293314	70
1240	14.668779	11.925304	26
1241	16.952047	29.535158	41
1242	20.991952	30.282054	24
1243	22.088853	24.249523	62
1244	9.063456	30.611061	91
1245	15.219622	30.908705	37
1246	10.700868	34.177864	38
1247	21.669259	24.493533	43
1248	15.957483	11.757332	73
1249	6.989846	30.671019	76
1250	18.367499	28.863120	86
1251	15.026158	1.935679	6
1252	17.333236	31.536651	88
1253	22.163567	25.301454	69
1254	18.899961	27.514105	82
1255	18.432693	28.620118	81
1256	21.205263	30.244049	18
1257	20.213947	11.582204	35
1258	24.404662	25.094466	9
1259	17.340507	30.201149	83
1260	15.813939	30.537689	2
1261	18.314392	31.934626	68
1262	19.656105	30.564089	50
1263	19.156179	21.114593	14
1264	17.073278	27.778587	2
1265	15.835479	31.807691	16
1266	17.205927	29.553651	31
1267	24.258286	20.585469	76
1268	12.303955	6.524142	41
1269	26.003293	22.239427	67
1270	15.211854	7.103883	80
1271	22.018857	23.910024	92
1272	23.432560	8.725970	43
1273	26.139023	28.121922	70
1274	15.498720	32.320700	74
1275	11.672213	33.254729	22
1276	19.303533	33.331101	42
1277	22.848333	30.066508	79
1278	17.414060	11.876898	25
1279	12.355623	9.689221	100
1280	13.892014	31.282741	88
1281	22.961775	29.847002	98
1282	20.401038	24.454565	25
1283	18.656120	29.494114	95
1284	20.817701	26.280556	58
1285	15.245622	30.944205	66
1286	14.742401	5.480286	46
1287	24.553200	24.573962	51
1288	16.955886	36.080559	8
1289	15.734173	12.921229	48
1290	17.560676	36.129662	60
1291	24.759206	15.709797	6
1292	22.256982	30.525021	99
1293	18.799842	29.354610	26
1294	19.043863	29.974604	41
1295	22.610605	28.904012	22
1296	20.069098	24.441573	71
1297	17.143359	31.985156	33
1298	15.720802	6.619046	87
1299	8.945648	33.335000	2
1300	19.426854	30.620095	97
1301	15.939969	32.454189	94
1302	21.600241	23.625035	94
1303	24.426340	23.117465	78
1304	15.252322	2.396809	61
1305	18.204761	29.945471	73
1306	13.081868	7.310869	40
1307	19.697711	33.351737	55
1308	19.978330	27.638078	43
1309	27.628914	22.239388	44
1310	19.661877	22.571582	70
1311	15.527064	30.811697	42
1312	15.502485	31.375199	82
1313	17.751791	5.385711	93
1314	23.472723	9.102357	28
1315	19.713596	33.209590	41
1316	19.008103	2.938088	51
1317	22.151267	25.364328	45
1318	20.118301	9.486143	20
1319	11.970149	27.848517	79
1320	23.403185	19.529572	23
1321	16.338700	29.915674	35
1322	12.474271	7.697316	46
1323	25.526669	11.049755	73
1324	15.997339	37.006721	31
1325	14.674859	12.329770	46
1326	20.561269	25.749062	43
1327	25.416746	11.072646	64
1328	19.707279	22.281504	70
1329	21.071934	20.769046	81
1330	20.100050	21.712070	12
1331	20.445972	22.903563	74
1332	9.794899	32.426678	38
1333	16.887170	4.099364	7
1334	16.237957	34.878260	93
1335	11.384124	28.133145	25
1336	13.876450	29.699738	44
1337	21.268679	25.771044	30
1338	12.151255	28.028227	42
1339	24.283895	15.661072	61
1340	12.329932	33.196220	14
1341	17.220256	38.048585	50
1342	20.336921	22.781976	51
1343	22.677477	20.520007	47
1344	17.378937	30.839649	59
1345	13.950385	29.965237	4
1346	18.076696	13.269020	68
1347	12.176262	6.577120	4
1348	28.014224	15.137323	5
1349	17.636765	31.630912	94
1350	20.322510	28.327570	74
1351	19.928787	30.486582	98
1352	18.378039	30.921883	47
1353	7.062165	29.974451	43
1354	12.636005	28.704393	29
1355	19.009544	29.920605	36
1356	5.537921	36.313400	87
1357	7.299920	31.077159	87
1358	21.805712	21.596029	63
1359	15.617754	29.734545	61
1360	17.496298	29.533644	75
1361	18.674149	31.039121	74
1362	10.485206	27.134490	67
1363	16.177017	12.273543	6
1364	21.650373	24.894534	57
1365	19.196456	28.477584	72
1366	18.747657	31.033113	33
1367	16.018158	12.922958	59
1368	15.445116	12.443159	26
1369	12.154529	7.993903	15
1370	20.134330	32.307078	44
1371	7.927730	35.597492	28
1372	15.389661	4.715583	15
1373	12.001213	30.510789	84
1374	12.145056	33.108470	29
1375	23.705741	21.618983	80
1376	12.190049	7.890746	49
1377	14.522515	5.200577	65
1378	19.660449	9.882020	73
1379	11.696220	28.250795	53
1380	16.963263	29.777658	11
1381	7.018833	30.311068	43
1382	18.536188	32.895621	4
1383	17.639730	31.948143	52
1384	21.401113	23.487539	13
1385	12.001213	30.510789	29
1386	19.463105	34.548099	59
1387	14.742139	31.578218	1
1388	20.645169	32.470065	23
1389	26.213121	20.964922	91
1390	7.735599	31.397117	65
1391	20.529740	21.673560	62
1392	15.986151	31.058185	67
1393	15.050768	33.637715	24
1394	21.339964	23.470041	85
1395	21.146062	23.183683	14
1396	19.642667	28.489087	16
1397	19.022326	30.425105	93
1398	19.942513	29.217578	7
1399	20.477019	21.800561	95
1400	14.136649	3.612012	41
1401	20.378298	25.802066	69
1402	23.350387	8.781757	52
1403	12.806151	12.012498	27
1404	11.252496	27.604571	43
1405	22.377633	22.163515	33
1406	18.448832	27.421117	1
1407	15.864546	32.013190	4
1408	12.843223	12.417079	28
1409	17.622292	37.858001	98
1410	20.853716	25.312554	22
1411	18.864657	31.024610	53
1412	18.248719	30.937981	63
1413	24.093007	22.631973	21
1414	26.613825	22.133412	55
1415	11.350226	12.866935	98
1416	13.984288	5.350277	26
1417	20.518724	32.756069	85
1418	18.988008	28.359604	23
1419	25.778660	27.285933	73
1420	22.504499	21.123511	6
1421	18.436269	31.463622	96
1422	15.096511	12.527297	37
1423	21.544109	25.810037	95
1424	20.620108	32.534566	98
1425	14.952385	30.089711	36
1426	12.074783	8.562717	37
1427	14.587606	31.860724	52
1428	6.163255	33.996044	22
1429	17.810357	37.045029	69
1430	21.608063	26.929536	33
1431	16.046102	28.500180	59
1432	8.164334	30.914655	76
1433	15.803991	3.367805	76
1434	14.511624	33.761645	34
1435	14.507770	3.241209	69
1436	6.991714	31.428783	97
1437	18.008119	31.428133	36
1438	17.332529	30.679150	91
1439	16.020313	1.044623	6
1440	12.621450	9.828041	14
1441	21.312961	21.637541	46
1442	23.835195	19.996979	94
1443	23.266172	28.505495	6
1444	19.186904	27.327098	74
1445	18.681189	30.877615	40
1446	11.958674	8.182346	24
1447	14.525609	4.114309	75
1448	17.799236	36.064273	97
1449	11.304497	33.300231	28
1450	20.171224	20.787568	10
1451	21.167326	23.968545	5
1452	20.302779	29.085571	7
1453	16.916915	38.617398	52
1454	15.640208	31.210695	100
1455	22.317468	23.188517	60
1456	21.134327	26.094948	100
1457	18.168220	28.807125	53
1458	24.160652	15.709072	98
1459	20.167050	29.642075	51
1460	15.076367	31.233210	47
1461	12.874000	33.415416	17
1462	18.077238	13.297383	8
1463	8.264678	31.022713	39
1464	20.157158	9.311804	12
1465	19.663433	20.828580	55
1466	23.372056	8.724319	20
1467	18.845840	31.472611	90
1468	18.210076	30.356126	69
1469	22.916665	24.811502	69
1470	18.421691	30.720121	74
1471	15.014579	29.814709	15
1472	18.160716	31.001128	87
1473	18.738899	31.525614	84
1474	26.907791	26.921404	88
1475	13.012569	4.963570	31
1476	22.997845	15.583491	17
1477	18.734879	28.879111	70
1478	21.542618	27.222645	25
1479	21.016182	25.973407	87
1480	22.798041	11.804853	8
1481	11.634315	28.938488	62
1482	12.041689	9.867640	42
1483	13.615892	9.740435	36
1484	21.888483	24.195528	98
1485	12.051655	10.822339	62
1486	17.658912	28.594638	15
1487	15.004545	33.800216	47
1488	22.792146	12.000402	24
1489	17.648286	13.101927	64
1490	21.090892	24.095220	90
1491	19.656876	12.636921	61
1492	8.872327	30.870237	48
1493	16.309552	30.786302	55
1494	19.951585	25.298077	45
1495	18.192829	29.922837	32
1496	26.002083	11.556709	83
1497	19.866200	30.253583	14
1498	20.661819	12.641406	49
1499	17.048351	30.536157	40
1500	19.716594	20.781579	98
1501	18.695300	29.467613	84
1502	17.796653	31.141138	62
1503	21.122298	21.860045	38
1504	22.568765	30.405512	61
1505	17.690770	31.338641	61
1506	18.511502	32.611121	60
1507	22.784611	23.677505	8
1508	17.788646	29.642136	87
1509	12.155496	6.646917	61
1510	19.911177	9.511254	47
1511	19.038345	21.213535	54
1512	17.289869	31.352652	7
1513	12.652229	9.888530	68
1514	17.095611	28.525055	25
1515	21.809514	24.146530	70
1516	18.162735	27.829124	36
1517	19.837621	20.965576	87
1518	21.178571	31.077550	94
1519	23.211998	21.162494	76
1520	17.446013	4.354430	53
1521	20.599724	24.760060	15
1522	14.597883	12.684943	35
1523	20.868216	23.306052	76
1524	20.963919	28.490553	50
1525	17.858253	36.814709	75
1526	18.611799	27.594613	78
1527	11.075217	28.215123	8
1528	20.928140	21.702050	71
1529	24.089944	24.953973	61
1530	12.225982	8.329126	54
1531	20.636297	29.913563	17
1532	18.310087	29.679123	94
1533	20.072723	24.827573	93
1534	21.477095	24.696538	30
1535	27.652005	16.779069	44
1536	19.417114	21.435587	95
1537	12.715360	8.697379	6
1538	18.508417	30.799886	62
1539	13.977284	11.897119	91
1540	20.823669	25.784751	61
1541	11.749992	10.874109	47
1542	22.412601	24.744568	65
1543	22.304752	31.318020	42
1544	26.206147	21.244922	27
1545	20.212182	23.521069	32
1546	15.138294	32.055709	31
1547	16.053036	4.904333	32
1548	19.398938	31.004596	74
1549	22.050175	21.362023	23
1550	9.153835	11.514583	31
1551	22.958632	20.211500	54
1552	7.057060	29.684330	52
1553	14.819851	28.454211	97
1554	16.406994	28.999171	97
1555	21.042337	29.944553	24
1556	16.278751	30.432177	88
1557	17.144077	32.072157	98
1558	25.954556	27.962928	78
1559	6.567846	32.767418	9
1560	24.401347	24.763966	97
1561	18.543194	31.968495	95
1562	17.953092	31.245134	52
1563	21.864198	24.568528	33
1564	19.978330	27.638078	89
1565	19.677464	29.310587	31
1566	6.771899	30.343225	31
1567	20.361795	22.025064	61
1568	20.803321	23.100079	18
1569	6.258039	31.041617	80
1570	20.832147	29.902058	52
1571	21.347142	23.674410	88
1572	19.514828	21.848585	50
1573	24.494118	16.527204	2
1574	12.022165	7.647379	10
1575	17.683192	37.469827	38
1576	21.286783	24.825043	29
1577	18.182161	30.644627	56
1578	19.049723	28.685103	62
1579	21.115753	24.849047	92
1580	21.283857	25.964044	78
1581	16.302381	30.470676	34
1582	17.544283	32.088417	87
1583	18.656117	31.626616	33
1584	21.629970	25.077035	9
1585	11.147447	32.859678	31
1586	22.043161	25.009524	45
1587	23.800609	13.659784	45
1588	21.507389	25.377721	38
1589	8.181702	29.923889	24
1590	17.656160	30.696141	57
1591	20.061215	10.545522	21
1592	19.331793	28.071136	72
1593	16.133025	31.019123	82
1594	18.446018	27.578326	42
1595	23.973183	29.754476	20
1596	20.200488	23.807069	68
1597	24.889143	21.543454	20
1598	16.594600	12.769485	99
1599	14.970696	31.861213	40
1600	21.247981	30.378048	3
1601	21.175845	9.055283	53
1602	11.668014	10.847792	38
1603	19.002643	10.184127	2
1604	16.802183	31.016164	61
1605	18.023200	28.116628	64
1606	22.974204	17.308499	85
1607	16.814468	32.006587	50
1608	18.266729	4.047032	10
1609	23.712082	30.276983	44
1610	9.659585	32.961873	40
1611	21.945214	25.527027	61
1612	23.279021	30.153995	41
1613	19.960795	29.955580	44
1614	26.764709	21.894909	56
1615	21.730972	24.922032	87
1616	15.029160	5.279029	95
1617	18.600340	28.930165	12
1618	11.284387	28.118208	87
1619	19.849054	24.575331	62
1620	18.973565	33.114110	13
1621	24.370845	24.880967	55
1622	17.608006	36.601504	36
1623	18.738899	31.525614	96
1624	26.318215	27.834417	61
1625	25.409267	28.540441	96
1626	19.495871	29.519592	17
1627	19.578130	30.890091	2
1628	17.750233	29.862638	17
1629	25.873937	27.566429	69
1630	11.495993	8.903561	96
1631	25.933018	17.910919	38
1632	15.051466	30.647209	31
1633	21.799902	29.700533	99
1634	20.838515	24.048054	46
1635	16.993948	13.201125	66
1636	21.515515	26.058538	31
1637	19.403918	34.324100	34
1638	13.077614	32.694261	68
1639	17.378951	29.934147	43
1640	19.888737	25.861579	31
1641	24.079619	29.992474	73
1642	10.145637	34.806238	96
1643	18.481681	27.434616	86
1644	17.436440	28.717644	10
1645	22.734731	20.290506	59
1646	12.662097	12.020909	94
1647	17.688391	31.878142	22
1648	22.658524	31.771012	20
1649	18.772494	29.215610	42
1650	14.003277	35.841745	93
1651	17.527642	2.156441	98
1652	22.393297	30.376017	74
1653	22.999049	30.298501	97
1654	13.876911	11.954124	23
1655	25.033581	23.803950	29
1656	8.784737	31.537605	8
1657	18.904413	28.655106	18
1658	20.641577	25.418845	11
1659	24.435358	16.711560	31
1660	18.774030	30.779612	69
1661	19.462110	28.227092	97
1662	19.892687	27.148080	89
1663	16.227158	30.664678	35
1664	22.268989	24.219621	48
1665	21.737843	22.862031	83
1666	15.622401	29.287658	95
1667	20.344439	20.471563	69
1668	22.881971	23.046003	85
1669	19.337196	22.599590	62
1670	25.765900	27.956432	22
1671	18.297683	29.721452	9
1672	11.561702	32.313163	7
1673	16.474429	38.053070	30
1674	21.237718	33.313050	17
1675	12.406852	26.861193	21
1676	25.052447	17.558221	47
1677	20.721768	12.371902	48
1678	20.398042	24.230599	82
1679	26.460221	12.818909	13
1680	17.625072	12.621921	24
1681	19.295219	28.996097	21
1682	20.181897	27.886573	54
1683	23.990131	29.108477	85
1684	14.928224	31.914651	12
1685	21.560263	26.225037	30
1686	25.211834	28.172447	77
1687	16.960321	30.528659	94
1688	18.501479	29.182620	38
1689	26.015087	28.045424	89
1690	17.101593	37.683085	61
1691	18.473150	31.413621	75
1692	11.803575	8.218515	49
1693	17.927435	29.495155	16
1694	6.947487	30.556110	53
1695	18.489264	31.846121	45
1696	14.447154	3.827086	53
1697	16.442801	31.740675	22
1698	12.479630	8.894396	69
1699	19.640375	35.229595	86
1700	19.688940	30.919088	34
1701	17.662552	12.352080	83
1702	25.841477	17.873901	28
1703	8.054299	30.896197	19
1704	15.598221	28.492691	85
1705	12.415475	28.451180	46
1706	7.094100	31.308370	45
1707	16.641718	12.375643	37
1708	15.400653	2.885254	87
1709	24.556262	16.473003	35
1710	19.843106	27.898129	71
1711	21.275128	24.512043	26
1712	20.972549	22.523360	87
1713	16.016378	11.924636	38
1714	15.114697	31.857710	83
1715	14.626163	31.999223	20
1716	12.635858	8.129564	19
1717	21.441730	22.388038	84
1718	16.948855	32.197662	2
1719	13.710014	31.242746	57
1720	19.503121	20.957584	100
1721	17.065824	35.594392	98
1722	12.389364	6.782090	3
1723	21.127860	21.727545	24
1724	21.461502	33.074544	15
1725	20.453003	24.836064	29
1726	18.094102	28.622805	13
1727	19.012706	29.086152	10
1728	12.299962	8.189306	17
1729	27.624789	22.641888	30
1730	9.693558	32.467574	58
1731	20.318430	23.683566	17
1732	19.250977	4.595586	67
1733	21.599080	30.202038	35
1734	19.712306	21.294579	97
1735	17.546740	37.252869	48
1736	21.099100	24.070369	56
1737	11.325981	10.941769	52
1738	16.171371	31.099181	68
1739	8.505941	31.940746	4
1740	18.559276	21.315608	81
1741	15.461755	12.380104	99
1742	19.143497	31.062603	16
1743	16.532767	31.397672	88
1744	17.361518	31.418650	90
1745	21.074565	26.725049	42
1746	22.371204	24.171516	99
1747	20.835158	27.149056	96
1748	14.022317	12.298097	72
1749	25.312469	14.756228	33
1750	18.749064	33.195616	50
1751	13.649384	34.596227	23
1752	19.058271	31.438605	75
1753	20.609551	23.597059	80
1754	15.400451	12.496570	58
1755	18.219985	31.690628	19
1756	23.560342	22.981486	14
1757	19.679235	8.084741	92
1758	17.646365	31.633143	7
1759	26.955451	22.470904	12
1760	11.241052	34.859469	54
1761	9.138290	30.236544	30
1762	11.781806	29.658282	89
1763	18.675921	12.205766	60
1764	19.354641	32.285906	40
1765	20.919574	20.112549	61
1766	19.583381	26.856587	22
1767	23.512535	7.944646	1
1768	17.918235	29.719633	5
1769	20.648905	12.078591	43
1770	19.543562	22.909585	68
1771	12.859119	10.979001	75
1772	16.944499	3.712727	83
1773	7.056732	31.431106	62
1774	20.171880	27.270564	48
1775	15.802507	31.930192	31
1776	11.494608	32.497334	62
1777	24.257660	20.339969	51
1778	12.755331	11.788778	91
1779	18.093613	12.440271	80
1780	17.650930	31.335142	67
1781	21.139229	8.528758	33
1782	18.039796	34.913356	66
1783	8.274898	32.169641	14
1784	17.347828	30.135648	74
1785	19.808604	30.704085	50
1786	17.492881	30.625645	72
1787	18.980896	27.791603	22
1788	26.108054	17.777633	90
1789	12.771686	6.278959	39
1790	16.526616	31.445172	37
1791	11.940622	28.481038	10
1792	19.120007	28.417101	3
1793	22.925802	15.899628	49
1794	14.975294	31.242925	90
1795	16.550966	34.882360	39
1796	17.125998	30.758155	56
1797	13.938378	34.813372	86
1798	17.950387	4.077659	56
1799	19.401873	20.843587	33
1800	23.339261	17.296743	36
1801	20.586488	27.806063	11
1802	15.636003	30.297693	42
1803	20.454631	28.969067	19
1804	12.161407	8.292762	8
1805	25.106433	21.807690	59
1806	27.045090	13.873902	83
1807	19.906186	29.395336	61
1808	15.789459	12.001624	14
1809	18.745201	30.799607	53
1810	21.247188	28.222793	91
1811	7.286775	33.353630	23
1812	24.681665	22.064959	42
1813	17.385754	28.465145	12
1814	17.740760	8.309972	27
1815	19.725957	29.810586	25
1816	17.693282	30.401138	46
1817	24.171961	29.971973	42
1818	12.190049	7.890746	78
1819	20.784203	22.156054	66
1820	25.854402	11.158268	48
1821	8.980152	29.642811	27
1822	25.584967	18.998394	98
1823	16.481077	30.102671	63
1824	23.440023	19.647075	49
1825	17.958756	31.243803	98
1826	17.276551	34.142203	91
1827	21.800442	24.956030	45
1828	16.729180	31.202166	49
1829	21.084529	25.084548	1
1830	19.989732	30.157080	37
1831	26.867891	21.816263	5
1832	20.562755	24.673561	68
1833	19.987099	29.054579	57
1834	20.214041	32.901577	17
1835	20.278873	29.457572	77
1836	17.872842	31.210136	51
1837	22.791871	12.049339	34
1838	14.366245	30.635727	81
1839	20.570837	27.238063	75
1840	16.728929	12.601487	2
1841	19.000811	31.412107	21
1842	15.300609	31.729205	56
1843	24.415268	23.975465	58
1844	18.367499	28.863120	37
1845	9.314137	10.870250	85
1846	21.343272	31.655546	33
1847	16.251139	12.490711	40
1848	21.451867	8.534375	69
1849	12.995443	7.056128	73
1850	13.165929	11.951736	15
1851	19.078227	30.998622	45
1852	23.795562	16.477887	3
1853	21.520849	26.456538	77
1854	20.291154	29.401071	89
1855	8.648214	33.463016	18
1856	20.164585	25.338571	62
1857	14.527581	31.535725	81
1858	23.031150	23.119499	9
1859	21.463492	25.606539	33
1860	22.178175	19.353519	91
1861	17.127273	29.161653	9
1862	17.655831	31.924643	85
1863	9.596067	12.290291	44
1864	12.342788	11.644927	68
1865	21.812804	34.334536	68
1866	18.633608	28.330113	96
1867	17.364151	31.251150	4
1868	19.314268	33.821284	42
1869	20.399034	22.788064	91
1870	19.470911	28.820592	66
1871	17.903563	33.138138	95
1872	24.694035	14.775321	8
1873	19.309983	21.459805	14
1874	19.137159	28.956101	18
1875	17.941259	32.042636	21
1876	17.028559	37.424553	43
1877	21.157209	29.861050	80
1878	22.200885	22.049519	43
1879	23.182516	19.946495	24
1880	18.707989	29.548112	19
1881	24.315537	24.722468	1
1882	8.163036	29.176431	32
1883	21.216084	25.488545	3
1884	20.513572	24.223562	5
1885	13.812199	34.664755	93
1886	21.265286	9.800434	20
1887	25.584967	18.998394	3
1888	13.042167	11.460585	25
1889	19.787473	21.755700	71
1890	22.919373	13.170176	87
1891	17.737999	28.837637	28
1892	18.282159	30.818625	96
1893	19.342558	27.076094	86
1894	16.472060	31.198173	71
1895	19.438113	30.009094	75
1896	19.623215	31.248591	39
1897	20.138064	33.384079	67
1898	12.609953	6.727633	55
1899	16.523904	30.951171	79
1900	15.680313	3.122617	57
1901	21.678669	32.608538	87
1902	21.355753	24.884041	41
1903	17.049601	30.573157	15
1904	18.175140	27.503248	15
1905	11.370685	9.334222	17
1906	23.888199	22.504478	98
1907	16.483519	31.262173	95
1908	22.554062	11.623844	24
1909	17.093650	29.246285	70
1910	26.287954	21.966650	62
1911	16.687503	37.971398	35
1912	18.747159	28.938111	39
1913	10.889794	31.767464	88
1914	12.009039	32.099938	44
1915	7.751377	31.154510	44
1916	15.775752	30.365190	22
1917	20.025373	29.465578	75
1918	20.558891	32.319067	89
1919	13.988893	31.059229	66
1920	21.779977	25.077879	66
1921	11.955156	32.548260	61
1922	17.903563	33.138138	57
1923	10.962127	10.015928	28
1924	19.655007	32.440091	87
1925	17.794113	31.801639	17
1926	19.582227	30.469091	84
1927	19.702713	23.458581	95
1928	20.487274	23.433062	11
1929	15.178609	31.707208	53
1930	19.763398	29.739085	97
1931	19.866348	28.802792	34
1932	21.697450	24.421533	37
1933	11.488739	11.884068	68
1934	19.519873	20.874584	25
1935	15.031131	30.345209	86
1936	14.597792	32.075224	91
1937	23.191936	8.880057	40
1938	18.379599	36.315971	31
1939	21.632904	22.755533	7
1940	18.349022	31.281624	78
1941	17.073857	32.075658	20
1942	25.726764	11.222930	77
1943	22.728869	23.146507	44
1944	17.403274	3.468870	10
1945	19.342558	27.076094	68
1946	15.153507	29.980705	31
1947	20.177987	23.884070	69
1948	23.499368	23.274488	9
1949	14.013646	3.652846	91
1950	15.032725	33.837716	28
1951	16.221911	30.430678	12
1952	15.962870	36.799986	69
1953	17.556435	32.957647	83
1954	10.509193	33.468494	48
1955	19.295556	21.323590	100
1956	15.035036	30.025708	64
1957	6.946922	31.794095	58
1958	17.372581	31.858650	63
1959	12.370676	11.122854	74
1960	18.231609	30.182626	50
1961	20.192683	23.513569	3
1962	22.128805	17.303519	77
1963	21.742251	24.995032	24
1964	23.980121	29.831477	5
1965	20.458521	23.605563	58
1966	15.445600	30.439198	32
1967	17.626915	30.366641	60
1968	21.664912	24.926534	75
1969	22.917338	17.164569	48
1970	21.414277	23.217539	22
1971	17.714939	11.886564	27
1972	17.550602	3.985540	26
1973	19.969014	30.055080	48
1974	19.464220	28.932592	7
1975	14.522515	5.200577	37
1976	20.235003	20.815566	88
1977	24.994486	19.882452	51
1978	19.515600	34.914098	92
1979	20.103791	28.247575	9
1980	18.108386	32.079672	77
1981	17.381174	4.347475	96
1982	16.222970	29.441164	55
1983	13.639199	4.840632	62
1984	20.818494	28.586292	5
1985	12.518618	33.132764	2
1986	17.380922	29.886647	16
1987	13.184168	7.159212	13
1988	22.532654	16.685010	69
1989	21.134327	26.094948	91
1990	14.251992	4.561307	26
1991	17.975511	28.047629	78
1992	18.355064	31.461198	93
1993	13.251112	7.187520	77
1994	19.149135	34.512107	99
1995	20.885868	29.886557	67
1996	11.812294	33.509017	25
1997	20.545254	24.731561	79
1998	20.173570	33.017078	2
1999	23.107993	16.673039	40
2000	16.650771	29.200165	68
2001	14.929304	31.387214	81
2002	26.677618	28.054408	88
2003	18.565897	31.621119	97
2004	13.876450	29.699738	30
2005	14.120848	30.720312	43
2006	17.209682	10.657217	68
2007	18.166394	31.758629	95
2008	22.358083	23.520016	63
2009	11.409168	27.751550	18
2010	25.662364	11.243149	4
2011	16.561157	36.773020	3
2012	19.719412	26.797084	15
2013	10.565467	9.451249	99
2014	15.052683	30.811209	53
2015	21.012207	29.965553	77
2016	14.864942	11.569304	68
2017	17.735553	31.810141	31
2018	8.827049	12.091653	81
2019	17.483354	4.762688	33
2020	13.671022	30.781246	94
2021	16.007631	36.320836	65
2022	15.173028	12.209850	26
2023	21.739728	24.569706	14
2024	15.251888	4.651318	59
2025	13.809733	4.032797	65
2026	19.607145	27.918588	95
2027	15.598458	28.649707	87
2028	20.622982	25.744891	96
2029	20.233852	28.839572	45
2030	19.806420	30.248585	72
2031	16.127797	34.885253	83
2032	22.104149	8.382568	54
2033	19.301407	31.103599	54
2034	21.354631	26.287596	40
2035	20.919218	25.374852	81
2036	16.451277	36.785698	42
2037	21.668387	23.896033	80
2038	21.753010	24.407031	46
2039	7.514441	30.147850	8
2040	20.120787	24.554572	60
2041	18.762809	31.530113	26
2042	23.087243	9.154546	11
2043	19.505422	29.043051	66
2044	17.561152	38.201703	54
2045	18.046705	27.683627	13
2046	18.397333	27.335618	39
2047	17.339019	30.949622	24
2048	21.492602	24.275038	22
2049	17.709550	31.989142	38
2050	24.354484	24.241967	69
2051	20.958530	23.014050	33
2052	7.240585	29.826824	72
2053	10.862394	33.570729	71
2054	19.617036	20.664581	30
2055	17.884082	31.883137	15
2056	21.052726	8.741879	24
2057	19.640656	31.213590	14
2058	19.922264	24.062576	70
2059	24.080118	23.272974	15
2060	27.352802	22.241617	89
2061	20.990829	23.793050	94
2062	25.095705	22.069449	25
2063	15.006254	32.035213	63
2064	19.972204	9.993887	23
2065	23.095014	20.099497	59
2066	24.846795	24.200455	6
2067	10.376799	9.537720	34
2068	25.636166	22.060436	18
2069	22.498171	24.337513	16
2070	15.957924	29.584684	38
2071	19.029856	28.472603	21
2072	12.440371	33.069376	14
2073	19.292045	29.877098	96
2074	21.355753	24.884041	8
2075	21.300477	20.574540	71
2076	20.923323	24.160552	38
2077	15.431102	30.311199	14
2078	18.581127	31.972801	56
2079	25.818916	19.895932	2
2080	20.963910	22.373550	67
2081	17.094963	29.118654	31
2082	17.746727	12.984099	15
2083	23.576007	18.745962	2
2084	16.040729	31.858185	45
2085	15.677011	31.647694	38
2086	12.283371	7.120482	80
2087	16.949836	35.836195	32
2088	19.890232	30.139082	74
2089	21.805712	21.596029	54
2090	7.865860	31.525614	95
2091	19.718768	28.688978	80
2092	17.740760	8.309972	30
2093	22.314913	24.887017	41
2094	23.917787	24.724978	13
2095	24.146246	29.896472	16
2096	21.801686	25.326030	35
2097	17.851096	3.608141	40
2098	17.532625	28.563577	93
2099	16.728929	12.601487	62
2100	19.915534	33.334585	44
2101	7.673984	29.354012	96
2102	17.369199	38.456763	86
2103	19.825329	30.320084	26
2104	12.477990	6.957878	65
2105	11.077089	33.487752	90
2106	23.332237	19.874491	94
2107	19.867080	28.463574	47
2108	23.191283	24.942496	6
2109	18.371741	31.323623	21
2110	20.835848	20.506552	32
2111	7.770588	32.111170	25
2112	19.797063	26.741082	94
2113	19.730154	29.765514	86
2114	23.656715	29.787985	34
2115	22.467686	23.329013	22
2116	20.819208	29.854558	85
2117	15.427080	11.939842	6
2118	21.354692	20.246539	48
2119	15.473269	12.381704	38
2120	17.729233	35.437045	7
2121	17.618824	30.427142	8
2122	12.051189	8.141441	90
2123	6.005106	31.523935	87
2124	21.726049	25.841533	97
2125	20.324864	27.855976	86
2126	19.904188	31.057583	3
2127	12.653402	33.448569	85
2128	8.521438	32.682086	32
2129	17.561514	29.785142	7
2130	23.812366	11.954864	95
2131	21.920654	23.084076	27
2132	17.698345	29.017441	27
2133	19.430009	30.289095	70
2134	9.846353	35.070470	90
2135	17.792336	31.582139	89
2136	23.403185	19.529572	95
2137	18.508955	32.540437	75
2138	20.468983	32.178569	59
2139	21.985715	25.405026	8
2140	21.549773	31.643541	34
2141	18.847732	32.020612	22
2142	12.062091	33.262957	64
2143	27.278634	22.252397	52
2144	23.566013	13.744173	73
2145	17.980342	31.225633	22
2146	20.897498	31.243057	49
2147	20.237005	20.719066	24
2148	19.974925	27.969578	19
2149	21.137983	20.146544	68
2150	22.055660	22.363023	27
2151	18.309164	30.512624	3
2152	21.215715	24.749363	33
2153	17.325754	4.208769	63
2154	15.165062	30.914707	52
2155	18.197672	29.966626	62
2156	19.495871	29.519592	62
2157	19.295092	31.419599	54
2158	19.392567	33.100599	49
2159	13.433853	34.753549	74
2160	20.458521	23.605563	19
2161	9.596067	12.290291	11
2162	21.002460	8.763093	53
2163	17.919491	29.377133	2
2164	15.250186	4.672042	17
2165	17.535821	4.815417	66
2166	16.509264	2.491317	82
2167	18.910126	27.187605	58
2168	22.633089	8.650820	64
2169	23.876940	23.119478	29
2170	20.591864	30.132564	29
2171	21.016182	25.973407	20
2172	19.454995	23.339087	32
2173	17.114371	37.664571	24
2174	14.848802	2.851355	19
2175	16.644992	38.116097	95
2176	23.589409	29.256486	66
2177	24.561091	20.984962	68
2178	25.952985	22.126428	21
2179	17.981224	32.413635	12
2180	14.719106	31.849720	17
2181	18.662016	31.683116	2
2182	21.765723	22.818030	7
2183	23.789862	23.691981	18
2184	19.950618	21.190574	57
2185	19.142364	34.069076	42
2186	17.230219	4.204438	69
2187	20.452645	30.039068	10
2188	20.761839	29.779560	40
2189	17.768340	31.345139	20
2190	18.240261	31.969628	73
2191	20.861890	30.376558	82
2192	22.932851	20.257001	56
2193	25.886062	21.246769	41
2194	17.312969	30.721150	13
2195	20.269611	23.598567	49
2196	9.063456	30.611061	45
2197	15.522865	31.390198	41
2198	15.243847	2.175580	18
2199	20.927445	32.767058	50
2200	24.075724	24.936974	9
2201	16.290446	30.132176	36
2202	19.064345	31.194105	86
2203	18.206572	27.407002	90
2204	19.179970	28.903100	17
2205	18.863524	29.274108	87
2206	22.773190	29.493835	11
2207	11.400680	28.137585	20
2208	17.668342	29.796043	72
2209	20.622758	25.943552	78
2210	16.988638	4.663471	52
2211	16.027539	29.942182	78
2212	25.686638	22.135648	38
2213	11.383908	28.795570	47
2214	20.537080	25.681062	81
2215	19.442169	29.231362	97
2216	18.018480	32.003633	90
2217	19.567062	22.895584	30
2218	21.724978	24.513032	36
2219	16.845811	33.086166	27
2220	17.772654	29.151136	48
2221	17.291344	29.114148	61
2222	13.862660	5.541467	46
2223	10.816433	29.450021	76
2224	7.542033	31.428395	24
2225	11.581962	32.611113	7
2226	22.225002	22.899519	88
2227	16.975718	30.745159	86
2228	18.015467	32.847635	65
2229	19.702166	32.497090	78
2230	19.393902	29.418595	50
2231	19.558618	28.886491	98
2232	11.821627	28.360704	9
2233	17.566410	36.134765	30
2234	19.833194	28.676583	84
2235	20.263098	29.157072	28
2236	20.663021	25.063176	44
2237	17.721560	28.762637	29
2238	17.313898	31.036288	70
2239	17.687692	3.519300	65
2240	10.183711	11.898318	54
2241	19.270829	30.307099	56
2242	26.546822	22.390914	93
2243	10.484992	32.482812	38
2244	17.495362	31.823147	77
2245	10.810521	35.940076	52
2246	27.388358	11.227603	87
2247	16.947870	2.375708	94
2248	23.409480	24.469490	68
2249	20.284563	28.810071	73
2250	15.687172	31.582694	54
2251	21.114555	25.368548	61
2252	25.302667	11.461210	19
2253	27.801131	22.511884	65
2254	20.167066	20.660068	41
2255	20.283928	23.849567	45
2256	18.847615	31.834611	50
2257	20.617510	32.414566	38
2258	7.355696	30.737731	63
2259	20.115713	29.752011	89
2260	16.447589	37.952098	34
2261	17.870167	32.164638	80
2262	21.998971	23.012024	95
2263	18.652054	27.280111	27
2264	20.712038	20.536555	47
2265	12.524954	5.833266	20
2266	17.702301	4.216834	23
2267	18.265658	13.408392	52
2268	20.446879	28.028112	91
2269	12.601470	7.899187	74
2270	13.324170	11.897241	45
2271	14.131879	34.626003	12
2272	19.952642	23.541575	71
2273	12.160538	33.313512	44
2274	19.866200	30.253583	18
2275	12.421233	28.627480	62
2276	18.682821	32.677117	49
2277	13.346587	12.545044	75
2278	14.311150	2.655239	48
2279	18.548197	34.246123	88
2280	20.784203	22.156054	25
2281	18.995136	32.398608	71
2282	20.883989	25.796554	9
2283	24.992608	24.024951	73
2284	19.861253	22.829577	24
2285	11.643127	29.582137	76
2286	19.787825	21.874257	63
2287	19.214245	31.168601	75
2288	9.240168	32.825356	80
2289	22.097772	25.624023	41
2290	19.781190	30.922086	47
2291	16.603163	12.735011	58
2292	19.808604	30.704085	43
2293	21.175795	24.041045	49
2294	17.085677	31.418157	56
2295	19.634654	22.376668	63
2296	13.594956	34.814202	96
2297	14.730727	31.762720	24
2298	20.412249	29.082568	58
2299	22.471103	28.991515	91
2300	19.758288	30.388586	88
2301	23.100277	23.280998	71
2302	16.881267	30.694161	10
2303	19.740625	27.287084	20
2304	15.636003	30.297693	8
2305	19.386399	32.524580	59
2306	8.998787	12.240359	29
2307	18.429093	29.299119	35
2308	18.453504	32.456623	52
2309	19.301740	29.569097	92
2310	19.148288	34.973608	88
2311	13.172291	12.486168	19
2312	27.019911	22.421403	88
2313	21.074210	23.734548	49
2314	21.019480	30.453054	6
2315	15.527628	30.583697	75
2316	17.332541	29.911649	65
2317	12.953898	6.272911	33
2318	20.338294	10.468328	35
2319	20.189626	24.621570	88
2320	17.766896	33.569142	91
2321	20.975634	30.834555	53
2322	20.424446	32.646071	83
2323	13.567634	4.530920	55
2324	21.639367	23.254033	76
2325	19.747185	29.247585	50
2326	18.108358	30.214629	27
2327	20.721698	24.325569	56
2328	22.082064	18.719521	42
2329	17.858622	4.388345	43
2330	18.019884	30.479131	48
2331	19.350963	21.516088	72
2332	15.144110	33.526712	36
2333	20.877018	25.806054	42
2334	19.876984	24.050078	78
2335	18.236696	12.486794	9
2336	8.489585	31.785411	34
2337	23.684361	23.762483	93
2338	16.348013	29.732674	37
2339	23.191936	8.880057	91
2340	19.810502	26.850081	23
2341	11.876746	10.794673	16
2342	6.169516	34.531823	85
2343	20.055461	7.846679	35
2344	22.618195	11.777881	20
2345	17.677585	4.399213	10
2346	25.411521	22.242828	85
2347	18.191341	31.336628	95
2348	16.744979	12.943961	98
2349	19.851397	27.839581	24
2350	16.160959	28.539010	49
2351	18.953434	29.239106	38
2352	19.044921	30.150604	100
2353	21.198021	8.921364	51
2354	20.409934	29.382568	3
2355	12.664338	33.516478	74
2356	22.699343	31.801011	8
2357	20.417639	21.757563	39
2358	19.419657	31.098096	63
2359	22.211114	19.414018	85
2360	19.528778	3.583844	32
2361	25.841288	20.474431	44
2362	15.627689	37.091209	28
2363	12.241973	11.532984	15
2364	18.888983	31.926111	80
2365	15.424931	29.580882	77
2366	10.116367	35.031456	45
2367	19.481774	27.314090	46
2368	21.113415	24.743547	91
2369	16.278629	36.841945	21
2370	17.546414	31.903741	83
2371	19.406108	21.861087	30
2372	20.954202	28.268554	14
2373	14.611137	3.777036	73
2374	19.650220	30.902589	19
2375	16.680403	30.989667	75
2376	9.915842	34.732768	32
2377	12.057698	33.162095	49
2378	23.865247	29.503066	17
2379	18.921981	32.047610	57
2380	18.826517	29.677609	31
2381	18.945431	31.116047	47
2382	21.353247	19.246039	18
2383	20.816304	32.174560	90
2384	14.970696	31.861213	1
2385	15.529488	31.176198	24
2386	23.833191	29.252980	61
2387	11.351528	8.906999	51
2388	7.884969	31.581149	53
2389	20.623163	26.839561	25
2390	18.786433	33.223615	70
2391	19.239405	27.165590	35
2392	25.338712	27.851942	37
2393	25.784284	27.298432	55
2394	21.761920	32.539536	82
2395	17.144972	32.435657	91
2396	14.675470	12.284714	15
2397	17.545224	32.325146	8
2398	16.222970	29.441164	57
2399	10.128711	32.826884	52
2400	26.782513	22.415459	99
2401	11.639177	9.706750	61
2402	23.937560	23.127977	81
2403	20.914380	25.727230	45
2404	15.842111	31.702690	29
2405	18.644895	33.736119	58
2406	15.769822	12.794963	62
2407	19.341773	27.419094	49
2408	11.749406	10.796820	2
2409	22.937272	16.669297	35
2410	25.155577	17.311440	52
2411	17.590640	30.044142	76
2412	17.818402	30.828352	68
2413	22.123065	24.766022	8
2414	5.095625	32.788988	83
2415	10.712590	34.181501	100
2416	8.730893	32.919301	97
2417	23.770846	29.362981	76
2418	12.198179	33.288189	85
2419	21.261148	27.891545	41
2420	15.961775	30.775186	38
2421	14.022996	12.126441	27
2422	11.877641	33.552655	43
2423	15.433434	30.840199	79
2424	12.718429	33.543506	37
2425	16.544918	36.271284	33
2426	18.466338	31.546621	93
2427	16.051925	33.366688	96
2428	11.885039	33.746381	20
2429	19.396111	28.176093	27
2430	21.647941	31.122538	52
2431	21.089516	9.040286	47
2432	20.013943	9.620062	72
2433	15.392482	1.547615	14
2434	20.369492	27.516068	94
2435	21.296379	33.260049	50
2436	23.407126	17.485795	52
2437	23.798849	29.185982	86
2438	20.556723	22.834060	49
2439	17.787601	35.954412	98
2440	11.707226	9.689174	44
2441	21.066349	9.321843	56
2442	15.789745	0.837354	26
2443	17.551366	4.474636	35
2444	26.007994	28.003925	5
2445	13.609333	34.357544	21
2446	19.685928	29.732587	53
2447	17.176657	30.844654	10
2448	24.028755	18.796990	5
2449	16.107967	30.715682	50
2450	21.412855	26.059041	17
2451	17.820600	28.777134	6
2452	19.610194	30.680090	43
2453	17.296644	3.196705	98
2454	23.077143	23.558498	49
2455	10.816527	31.499554	79
2456	15.207473	1.564664	18
2457	14.929697	31.813214	55
2458	20.524956	27.944064	79
2459	16.029855	30.182183	6
2460	18.522200	11.973124	96
2461	22.401524	29.836518	30
2462	21.055884	30.853053	61
2463	19.797494	29.351584	69
2464	15.074473	30.208708	27
2465	23.996899	23.196976	36
2466	14.462164	31.963227	71
2467	8.282456	33.286633	80
2468	17.984339	31.461634	94
2469	15.789459	12.001624	100
2470	20.361098	29.148569	86
2471	14.979916	11.467884	21
2472	14.866518	31.221311	18
2473	20.431944	32.762571	95
2474	17.237498	4.179696	38
2475	20.080907	33.213581	80
2476	10.797157	33.570843	17
2477	26.372898	28.188416	39
2478	19.648742	27.462086	6
2479	22.230585	23.408519	81
2480	20.357143	23.482721	53
2481	18.805812	30.546487	79
2482	22.130025	25.433522	61
2483	21.194799	23.887390	4
2484	15.884503	30.278687	39
2485	19.711707	27.793585	60
2486	22.377633	22.163515	39
2487	14.842114	12.133980	28
2488	19.600900	29.620589	87
2489	20.702101	20.312055	65
2490	20.789464	25.407056	93
2491	20.617390	21.711058	57
2492	22.770089	21.112005	4
2493	19.079005	30.521104	68
2494	24.999556	21.308951	75
2495	9.426419	33.834489	14
2496	20.500936	27.280564	49
2497	11.907382	8.281679	2
2498	19.073627	33.021107	20
2499	15.284425	32.007102	14
2500	16.394447	32.012176	44
2501	19.288696	9.451813	39
2502	5.226227	36.821873	40
2503	7.442967	30.644358	87
2504	18.439995	29.174619	48
2505	16.772439	30.633164	26
2506	21.959619	23.103855	2
2507	15.537810	31.049197	45
2508	19.724737	29.574917	49
2509	15.427431	12.375335	13
2510	13.088711	33.601086	10
2511	17.903563	33.138138	53
2512	18.214781	13.186011	98
2513	23.675560	23.111983	80
2514	17.748147	29.586637	60
2515	19.363179	29.600596	50
2516	21.563275	25.376536	87
2517	21.639924	24.096534	54
2518	21.055884	30.853053	50
2519	15.687172	31.582694	64
2520	20.975634	30.834555	4
2521	18.477515	31.732121	82
2522	26.672793	22.289411	43
2523	25.569579	28.490936	26
2524	18.405739	29.544620	92
2525	21.698582	25.594033	96
2526	26.671841	27.909910	92
2527	22.741360	11.717218	99
2528	23.837751	25.141480	12
2529	20.199277	9.838750	52
2530	20.220046	27.934072	51
2531	16.337450	31.781677	2
2532	25.138390	22.991069	3
2533	16.138814	30.898681	56
2534	9.163607	12.521935	51
2535	20.536228	20.541059	98
2536	10.177607	9.541293	39
2537	18.882777	27.099605	74
2538	11.328539	10.659521	46
2539	20.892773	22.354789	61
2540	15.190658	12.158353	86
2541	17.102448	3.890789	6
2542	19.842809	25.080079	90
2543	9.803450	31.322353	71
2544	20.484324	28.098565	17
2545	14.028906	30.523736	34
2546	14.669411	11.989571	65
2547	20.343753	24.802066	100
2548	25.766050	21.738433	74
2549	17.836738	35.368083	35
2550	17.392106	30.278647	73
2551	16.438159	38.458050	23
2552	19.012554	31.900107	15
2553	14.094119	30.953573	84
2554	23.759969	29.515982	92
2555	16.888246	28.912659	40
2556	22.084640	30.402027	28
2557	20.252472	22.887067	93
2558	15.943553	35.766090	42
2559	25.425675	19.266942	24
2560	7.164422	31.311118	44
2561	17.232797	4.853572	94
2562	19.865874	27.510811	36
2563	13.424821	34.649160	65
2564	15.271888	31.794205	53
2565	19.441693	34.032563	12
2566	21.156413	26.890547	42
2567	11.311563	31.463721	88
2568	17.000655	30.953659	35
2569	17.421294	29.723646	73
2570	14.117884	3.946762	66
2571	19.659973	22.798582	54
2572	21.720082	25.637033	13
2573	18.898322	32.658611	8
2574	25.649561	20.979936	9
2575	26.027845	22.810426	68
2576	20.123527	9.526650	22
2577	15.301168	29.931201	71
2578	22.716825	30.610509	53
2579	18.609632	32.636619	23
2580	20.566637	32.573567	60
2581	11.670295	8.479172	82
2582	21.024712	23.568049	19
2583	14.255734	3.239337	14
2584	20.208213	21.473067	46
2585	11.498489	34.090575	16
2586	21.464163	24.867539	40
2587	7.131815	30.220021	45
2588	13.773522	34.845001	7
2589	21.528300	30.112540	84
2590	17.044737	29.547655	75
2591	12.257628	27.872133	53
2592	17.656160	30.696141	9
2593	14.976713	30.829711	88
2594	18.750797	29.694611	66
2595	17.366982	30.578802	63
2596	21.615499	25.126035	65
2597	19.608136	32.514092	90
2598	19.029856	28.472603	57
2599	22.690653	20.811507	30
2600	15.391703	30.775775	16
2601	18.851822	32.676612	80
2602	20.868272	25.549054	4
2603	22.800203	23.994676	29
2604	22.882250	23.052003	27
2605	15.485715	5.805630	97
2606	7.545764	31.699260	38
2607	20.199619	29.751074	13
2608	19.634210	35.568596	91
2609	23.294835	8.778437	18
2610	10.367283	9.904297	65
2611	17.927178	33.463638	5
2612	20.480661	30.943068	15
2613	20.074158	22.481071	82
2614	16.360166	36.468647	100
2615	12.747375	28.277433	96
2616	7.080373	32.221996	18
2617	18.187890	30.086627	81
2618	20.794662	27.144344	50
2619	20.002953	24.161574	46
2620	12.651132	6.827453	49
2621	8.753426	33.832359	31
2622	21.430798	30.117544	71
2623	11.131660	11.347725	7
2624	16.219106	30.128178	19
2625	22.794333	25.019450	67
2626	21.459937	25.279539	82
2627	19.192673	28.029598	4
2628	20.777978	20.486553	22
2629	21.597770	24.918755	96
2630	23.458166	12.922217	88
2631	18.486462	29.336618	51
2632	20.953254	22.740050	100
2633	21.352118	23.147540	49
2634	10.895226	9.733328	65
2635	18.958478	28.348605	18
2636	7.716128	31.640972	78
2637	19.753514	26.016082	76
2638	8.450520	30.559199	11
2639	23.186530	23.120995	23
2640	20.879005	22.685052	3
2641	15.518623	30.862697	47
2642	17.061207	31.446158	80
2643	12.500174	4.858101	96
2644	19.130929	31.564604	28
2645	18.860904	31.197110	83
2646	15.663446	2.347422	47
2647	11.901698	8.826612	55
2648	22.238490	21.741018	19
2649	11.188124	9.531660	36
2650	19.826757	28.475083	11
2651	22.866368	23.235003	10
2652	17.061207	31.446158	52
2653	19.295219	28.996097	83
2654	12.388875	6.319516	83
2655	19.756943	26.770083	53
2656	23.140843	24.980497	57
2657	16.208974	32.182181	85
2658	16.776847	29.109675	16
2659	20.866515	22.061552	29
2660	21.647144	26.188535	67
2661	18.153785	30.438628	11
2662	20.078138	23.788572	82
2663	7.062165	29.974451	23
2664	20.323701	28.260570	19
2665	7.337641	30.847044	61
2666	6.278940	32.112148	68
2667	17.430186	4.749992	22
2668	13.636065	4.886239	70
2669	20.898995	25.404553	68
2670	9.543227	32.843419	26
2671	13.932752	3.940188	83
2672	17.048110	2.837067	98
2673	20.984632	20.260548	83
2674	16.993948	13.201125	47
2675	23.012279	23.131000	87
2676	21.241897	24.946555	5
2677	19.776373	20.855578	51
2678	24.454760	24.559964	13
2679	18.802788	28.356609	70
2680	19.259089	33.598603	13
2681	23.650898	23.260984	61
2682	15.425521	30.991700	90
2683	19.755479	26.396082	21
2684	18.071365	28.186218	73
2685	19.835531	28.873083	24
2686	22.346279	25.158517	19
2687	18.779404	32.108656	21
2688	17.537199	4.073060	99
2689	20.610010	32.420066	48
2690	11.594879	33.675239	69
2691	20.104081	27.556575	7
2692	31.435345	9.040895	82
2693	17.716161	30.606639	63
2694	27.138139	10.832583	20
2695	7.740686	30.447586	50
2696	15.939329	28.780322	57
2697	18.790058	31.604613	25
2698	19.780053	27.167313	68
2699	23.158365	30.157499	82
2700	20.557756	20.566681	1
2701	24.575840	21.026962	14
2702	20.412259	9.830727	9
2703	20.837874	24.736054	51
2704	19.265194	29.736687	13
2705	25.047300	21.738950	6
2706	18.891093	31.315110	14
2707	12.171430	12.337753	65
2708	12.364935	4.917556	18
2709	24.238201	19.028374	61
2710	12.044741	10.178766	67
2711	18.954128	21.149191	15
2712	15.640925	31.395195	36
2713	12.662097	11.992933	65
2714	15.769822	12.794963	52
2715	19.780053	27.167313	65
2716	9.840487	34.875123	45
2717	9.421647	34.171462	76
2718	20.460016	31.962409	89
2719	10.343455	31.570268	85
2720	16.977407	30.769159	69
2721	23.047299	30.350501	11
2722	15.670278	36.755790	12
2723	21.681161	20.296031	23
2724	19.380293	32.362098	83
2725	14.712699	31.663220	33
2726	14.675470	12.284714	18
2727	19.046200	30.192104	40
2728	21.051123	20.852547	34
2729	17.816647	31.546138	5
2730	19.468506	29.690881	80
2731	19.896786	22.204995	7
2732	24.150493	17.189030	63
2733	19.717307	29.161086	52
2734	19.199219	28.924099	20
2735	8.711934	32.740056	72
2736	19.810417	26.520081	68
2737	22.592947	17.846509	49
2738	18.754652	27.705248	80
2739	15.827594	32.762192	93
2740	21.789983	24.188530	98
2741	17.131210	31.270156	53
2742	13.441988	4.507674	29
2743	19.936705	23.990576	71
2744	8.209029	31.061262	27
2745	19.678974	27.863954	38
2746	10.862394	33.570729	28
2747	20.010023	21.510572	45
2748	21.222633	30.929049	5
2749	19.415290	28.256593	88
2750	17.561152	38.201703	92
2751	17.020387	37.172432	95
2752	15.240866	29.272988	24
2753	11.547134	28.326893	3
2754	20.984264	20.112048	59
2755	17.554159	37.356945	81
2756	17.297842	29.206648	55
2757	16.674634	30.724666	10
2758	19.496933	27.689800	60
2759	20.796050	30.347199	85
2760	27.789731	18.000807	3
2761	19.885517	27.847080	62
2762	20.398934	20.796562	79
2763	16.395911	30.491674	93
2764	20.258929	21.076566	90
2765	18.301851	30.715624	79
2766	14.856191	28.479710	91
2767	21.099243	23.525047	17
2768	20.300848	29.104071	8
2769	21.795565	26.744031	56
2770	22.788978	20.486504	57
2771	21.423837	23.260039	56
2772	13.035149	36.444093	84
2773	15.924065	30.800187	37
2774	14.950314	3.385072	2
2775	21.460106	8.397910	83
2776	18.106007	32.845314	39
2777	22.084640	30.402027	84
2778	19.050391	5.288830	45
2779	13.169553	32.923053	74
2780	11.879430	33.352175	90
2781	10.925635	32.569914	20
2782	16.514346	12.220080	90
2783	25.518805	21.393439	42
2784	22.697874	24.881008	21
2785	19.345132	32.714599	100
2786	23.002016	24.052500	62
2787	19.389244	31.304097	44
2788	21.713154	22.785531	77
2789	19.584148	23.137584	37
2790	18.961435	21.143322	56
2791	18.521805	29.137617	25
2792	19.400122	31.418597	91
2793	21.672985	30.234536	47
2794	22.491356	13.301625	6
2795	21.345444	24.824041	13
2796	14.352136	3.759031	62
2797	21.922591	25.014527	50
2798	18.502775	29.162617	44
2799	18.641393	27.975112	28
2800	18.813714	31.190612	92
2801	20.578406	27.272562	21
2802	16.775214	29.045662	73
2803	24.061233	12.485901	42
2804	19.799058	29.067084	86
2805	22.549167	24.620512	97
2806	12.215005	33.398277	54
2807	7.320463	32.485365	18
2808	15.596899	4.794236	94
2809	15.323987	31.813919	28
2810	15.191280	12.665107	43
2811	17.737777	30.859639	61
2812	9.452046	34.163453	13
2813	17.767608	3.589880	25
2814	15.178334	11.566007	80
2815	26.298082	21.634920	33
2816	22.888181	23.691503	25
2817	20.524335	27.339564	21
2818	19.841869	27.327165	38
2819	12.342391	28.357819	42
2820	24.800366	18.575712	89
2821	13.531935	4.311965	53
2822	19.395037	30.917766	72
2823	20.776397	29.935059	65
2824	22.259804	29.799521	37
2825	21.749689	24.312852	44
2826	17.010438	28.826155	44
2827	23.591268	14.953590	95
2828	19.608151	12.987032	46
2829	24.132692	22.958972	96
2830	18.231393	27.972623	56
2831	19.984340	33.605084	85
2832	14.351633	30.161727	71
2833	20.598713	21.511558	44
2834	19.307917	30.422098	19
2835	20.030160	24.990574	43
2836	14.313389	3.724489	67
2837	10.255905	28.383932	62
2838	19.965718	33.486854	81
2839	15.793406	30.712690	96
2840	21.715404	18.765030	40
2841	23.275833	15.553755	97
2842	9.157104	29.833539	14
2843	19.462923	30.843314	54
2844	23.786531	25.232961	65
2845	17.894803	4.167127	86
2846	16.679085	29.738437	84
2847	15.026158	1.935679	95
2848	12.007786	12.085838	48
2849	15.310674	30.656126	72
2850	15.173426	12.157041	27
2851	24.563065	24.884462	84
2852	17.239307	3.765944	79
2853	20.154839	21.086069	81
2854	14.004679	30.955737	71
2855	25.406141	21.676442	74
2856	17.053126	12.133457	21
2857	22.464886	30.566519	76
2858	18.245867	31.603627	7
2859	21.493362	8.618405	36
2860	26.032490	13.326441	75
2861	20.383590	33.678573	45
2862	20.674517	29.874562	85
2863	15.351173	29.618700	78
2864	19.765879	20.472078	66
2865	12.630257	12.458269	37
2866	17.351487	3.781973	98
2867	16.336358	31.896178	92
2868	24.219806	30.050472	32
2869	16.370278	36.928575	56
2870	16.043268	12.069061	71
2871	15.073556	31.292710	44
2872	22.225250	23.053519	92
2873	15.832961	36.969458	97
2874	19.245248	29.193894	68
2875	18.362898	29.307735	86
2876	25.412176	21.330941	49
2877	21.947816	24.684026	68
2878	22.641352	24.309009	17
2879	23.055873	20.813998	71
2880	19.972208	23.820075	49
2881	18.239641	31.952628	36
2882	9.512200	34.369102	41
2883	16.841447	13.006540	37
2884	20.503568	24.465562	52
2885	15.113027	30.591207	91
2886	12.813585	6.921896	73
2887	14.091160	12.314404	43
2888	16.027539	29.942182	89
2889	11.660890	32.968725	22
2890	21.814943	33.051035	45
2891	24.951736	15.107525	78
2892	8.033983	35.216501	92
2893	19.390684	29.318095	19
2894	17.111281	4.031613	89
2895	20.521970	22.429641	7
2896	18.874961	35.385616	18
2897	12.356358	7.578354	91
2898	16.000555	31.449686	33
2899	18.974521	27.502603	55
2900	12.300905	31.909119	60
2901	24.551463	21.548962	100
2902	21.461502	33.074544	78
2903	19.530081	30.171592	15
2904	11.358683	28.914679	9
2905	21.835641	32.536534	53
2906	11.466722	34.062226	33
2907	19.386171	30.174596	45
2908	17.049760	6.849156	13
2909	23.697922	21.562983	89
2910	20.562371	20.990059	91
2911	13.003224	34.434450	74
2912	18.037777	31.166741	27
2913	17.468179	4.609873	49
2914	16.360225	12.133996	33
2915	9.684205	32.262070	67
2916	24.718542	19.329730	44
2917	20.747347	23.900456	91
2918	19.429244	27.315092	50
2919	21.015785	26.732051	94
2920	20.454200	30.383568	68
2921	11.708221	10.408292	85
2922	22.844429	29.992505	68
2923	23.035883	13.364230	56
2924	19.275981	28.147096	82
2925	18.330552	27.413120	55
2926	23.068714	23.509498	44
2927	19.546534	28.676590	50
2928	17.028438	30.742158	15
2929	13.977147	11.871642	64
2930	20.993748	31.201555	39
2931	19.704778	29.079086	53
2932	26.166965	21.423923	77
2933	19.714949	28.376085	19
2934	22.697874	24.881008	21
2935	18.727566	31.035114	16
2936	21.212485	30.141648	15
2937	21.227928	29.888548	80
2938	12.387558	12.435679	27
2939	20.673134	24.094558	62
2940	17.282465	30.950651	48
2941	23.892475	22.740978	50
2942	15.110838	31.153709	92
2943	21.160299	30.274312	73
2944	22.434971	11.883720	71
2945	19.596948	28.369588	42
2946	16.286895	36.843272	22
2947	11.692071	11.960876	44
2948	16.890472	6.654714	72
2949	9.654434	31.314568	49
2950	17.563036	30.268643	31
2951	12.517913	9.022248	60
2952	19.899525	11.689803	80
2953	16.839677	33.354167	51
2954	20.593089	29.776064	74
2955	23.731710	30.113483	17
2956	24.549500	23.154962	40
2957	17.626552	35.317989	58
2958	12.661168	6.922223	45
2959	22.180365	23.374020	27
2960	14.632623	2.707610	27
2961	24.821533	28.399330	22
2962	14.131879	34.626003	88
2963	26.019718	23.327926	85
2964	23.045096	24.737499	73
2965	19.879129	33.012086	57
2966	23.481906	16.725219	60
2967	27.590798	21.939389	32
2968	13.934147	31.107739	89
2969	20.097824	32.739580	26
2970	18.045785	12.780390	15
2971	21.116637	30.662051	1
2972	28.016142	15.060540	41
2973	16.239230	29.874177	49
2974	20.721351	20.284054	17
2975	17.862053	29.222634	34
2976	11.495280	33.796889	87
2977	18.093613	12.440271	23
2978	12.094797	9.771045	6
2979	19.921177	29.814581	61
2980	18.354827	28.342338	80
2981	31.382189	9.046441	3
2982	17.413596	37.055146	83
2983	26.361344	27.547417	76
2984	15.570720	30.462695	38
2985	17.967360	3.649813	17
2986	18.811517	27.307294	1
2987	16.523434	0.806235	4
2988	23.011440	20.322999	80
2989	27.050457	13.876863	19
2990	27.404227	22.743393	10
2991	16.264134	28.007686	45
2992	21.655079	30.267537	79
2993	18.254579	27.557122	48
2994	15.752476	4.589308	99
2995	8.802922	31.381147	60
2996	12.339664	28.165237	63
2997	22.852043	11.890651	68
2998	10.437909	33.506734	48
2999	20.182224	29.557385	87
3000	13.871860	11.635700	10