3000	1000	99999999999		
0	5.129943	9.103452	0	
1	4.285096	8.786530	50	
2	3.818385	10.340762	18	
3	5.176914	10.152395	97	
4	10.586370	17.469661	27	
5	7.957946	13.264464	44	
6	4.065753	9.898594	9	
7	8.460466	5.855914	85	
8	6.055514	13.140621	30	
9	6.570303	14.501964	76	
10	4.909265	9.289947	18	
11	4.370407	10.206945	58	
12	4.548149	9.594870	43	
13	5.870653	9.218560	64	
14	4.360161	6.949685	89	
15	5.041445	9.291928	12	
16	7.705608	13.527648	76	
17	6.515837	10.137397	62	
18	2.055492	4.477684	41	
19	6.798467	8.204079	22	
20	8.742339	16.792926	89	
21	7.925008	14.932140	95	
22	3.807146	8.709085	9	
23	6.132249	9.819542	31	
24	3.378090	5.899956	14	
25	6.642323	9.294608	19	
26	4.820300	5.476168	48	
27	3.741921	8.662385	52	
28	5.015722	7.720065	73	
29	10.623795	17.702064	12	
30	8.346456	14.472043	66	
31	3.613608	3.870493	14	
32	4.859945	10.454372	29	
33	7.486298	6.372221	44	
34	3.933426	7.136864	84	
35	4.741861	8.280465	74	
36	3.526509	5.182153	41	
37	7.430801	15.254460	59	
38	5.298852	11.567565	52	
39	4.004493	3.751682	19	
40	4.629971	9.102754	69	
41	8.826132	15.596278	62	
42	7.004963	11.895187	21	
43	7.222671	8.693565	22	
44	4.311470	8.835914	43	
45	4.696560	7.306287	83	
46	8.062075	6.079713	13	
47	6.045501	8.073904	7	
48	4.876141	11.401204	84	
49	5.646203	12.639865	68	
50	5.349351	7.904104	29	
51	3.176997	4.557543	5	
52	4.493031	7.548885	87	
53	9.079976	15.411360	26	
54	5.390623	7.256254	18	
55	6.336862	13.819730	88	
56	3.917879	4.606446	51	
57	4.247638	6.810589	93	
58	6.133373	13.326125	22	
59	5.191772	12.763118	68	
60	4.783612	12.006914	79	
61	3.798137	4.636439	19	
62	7.599198	15.143168	79	
63	4.670212	11.071955	36	
64	4.707342	10.131870	89	
65	5.668891	9.716275	30	
66	6.167962	8.449184	81	
67	8.111927	14.318850	94	
68	5.213772	6.991581	94	
69	8.120107	15.480189	69	
70	0.374381	4.218243	46	
71	7.416095	12.402321	10	
72	4.687331	11.110384	99	
73	5.770234	9.113166	80	
74	5.029638	12.722336	65	
75	7.131572	13.896475	52	
76	5.997928	13.740960	38	
77	9.396402	15.683750	91	
78	4.808247	6.851985	65	
79	10.902008	18.063413	54	
80	5.694648	8.653220	58	
81	7.558509	15.510485	97	
82	5.722841	13.235495	37	
83	7.471393	12.577513	32	
84	4.283519	9.024055	55	
85	5.408575	7.401798	100	
86	4.606843	9.239024	10	
87	7.694109	15.894182	37	
88	4.189196	8.500310	46	
89	4.541825	5.822261	35	
90	4.206191	10.601900	52	
91	6.837641	8.212044	17	
92	1.630251	5.279029	64	
93	2.436633	4.531886	41	
94	8.842506	16.298865	34	
95	5.125511	9.894017	66	
96	2.736939	6.531185	33	
97	4.493031	7.548885	5	
98	4.468351	8.378817	84	
99	5.339720	12.140337	8	
100	4.892652	11.250944	59	
101	6.451579	12.764240	30	
102	6.628811	10.153787	16	
103	4.479861	8.324510	60	
104	3.638733	4.753641	48	
105	3.610536	5.728688	54	
106	5.031625	5.611414	8	
107	3.494265	9.135634	88	
108	5.706408	8.764715	39	
109	6.669576	13.805306	15	
110	8.557365	6.707251	14	
111	6.819140	8.795277	95	
112	3.616778	9.733882	36	
113	3.070783	4.256201	43	
114	7.506272	7.627454	76	
115	7.295609	12.249743	51	
116	3.529216	6.361813	72	
117	4.119912	10.396725	77	
118	7.400385	14.499056	31	
119	7.923448	13.066484	43	
120	5.594292	11.066794	12	
121	5.575811	10.094295	32	
122	4.589672	10.199235	11	
123	6.026103	8.429834	15	
124	6.286334	13.667734	62	
125	7.918187	13.229863	21	
126	5.286193	13.202659	54	
127	5.515028	13.382603	99	
128	5.760752	3.553724	31	
129	5.559532	9.455835	49	
130	2.697964	3.495748	54	
131	8.727579	9.840865	12	
132	5.356182	11.093684	68	
133	7.565810	15.240860	71	
134	4.661514	9.540270	71	
135	4.342749	9.809644	17	
136	4.589672	10.199235	97	
137	8.202732	15.117658	80	
138	7.559774	7.256228	91	
139	5.854312	12.158216	95	
140	2.484914	6.083607	81	
141	5.426592	11.404444	29	
142	1.425730	4.676950	61	
143	6.784473	8.467065	3	
144	7.707642	14.093814	3	
145	8.979771	15.866913	56	
146	1.613109	5.585633	85	
147	6.085743	13.267034	50	
148	4.792119	8.672084	19	
149	5.005842	8.254964	80	
150	8.016843	10.802569	79	
151	5.907036	6.730017	21	
152	8.867760	16.460452	7	
153	4.531515	7.777405	19	
154	4.461617	8.003670	56	
155	3.466453	7.578139	40	
156	6.119612	8.017304	12	
157	7.821369	11.261975	82	
158	6.500194	12.967676	51	
159	4.602081	9.379904	41	
160	6.566318	9.017813	39	
161	6.045336	13.032176	53	
162	6.210830	3.956140	26	
163	6.609119	14.419626	8	
164	5.525180	3.580187	77	
165	3.473388	8.944450	77	
166	7.738180	9.506507	20	
167	5.287883	9.620834	65	
168	4.668869	9.658954	57	
169	5.540532	9.841164	96	
170	6.049921	10.268064	18	
171	6.612181	9.360939	49	
172	8.116050	15.169800	19	
173	1.599869	5.629465	97	
174	5.675426	12.785773	30	
175	5.749420	9.363294	90	
176	4.769153	10.891282	59	
177	9.253351	16.153379	46	
178	7.561511	10.089458	33	
179	6.921034	9.994131	77	
180	7.643996	7.471073	77	
181	4.880493	8.966244	98	
182	1.932190	5.594313	88	
183	7.402160	14.343803	4	
184	3.325659	5.417591	3	
185	6.061392	13.237324	37	
186	3.676092	8.693664	56	
187	6.452388	10.184536	46	
188	5.276617	11.204248	32	
189	3.428522	8.333904	68	
190	6.487255	9.868231	24	
191	6.557929	8.975067	98	
192	3.592014	7.995601	30	
193	5.668758	9.866666	17	
194	4.947094	5.395642	71	
195	8.182921	15.953244	30	
196	7.128330	12.635030	95	
197	6.285453	12.763189	38	
198	6.504940	4.347550	11	
199	7.934431	8.211315	26	
200	4.902359	11.015674	4	
201	3.707830	3.320461	96	
202	7.456356	15.391076	94	
203	7.001520	6.279606	97	
204	5.238944	5.494407	46	
205	4.154913	7.869065	8	
206	5.602390	11.753128	38	
207	8.953838	15.802454	68	
208	2.720086	3.457776	8	
209	5.421371	9.226287	98	
210	4.487264	5.703995	39	
211	7.277722	12.833874	20	
212	7.994165	13.320198	13	
213	5.021516	7.462078	79	
214	1.441027	5.209847	89	
215	8.716857	15.565974	91	
216	4.006683	9.598280	64	
217	3.718695	5.469946	31	
218	3.188632	7.382350	57	
219	1.418338	5.026044	35	
220	4.604492	6.565548	100	
221	5.628291	8.273345	45	
222	5.876892	6.442904	53	
223	4.794257	10.600016	63	
224	7.813825	13.515166	44	
225	6.272942	9.268834	85	
226	4.841593	11.078576	47	
227	4.927152	7.302996	47	
228	5.146706	9.807747	6	
229	6.933152	6.248204	19	
230	4.388698	7.818174	3	
231	4.481542	7.906402	37	
232	4.616774	8.738970	63	
233	3.950944	5.159006	90	
234	8.299760	15.420314	51	
235	4.813652	8.616864	72	
236	6.366315	13.582547	73	
237	8.182921	15.953244	90	
238	6.816635	8.865421	7	
239	6.028544	6.287999	93	
240	4.445252	8.648083	45	
241	5.284751	11.620604	8	
242	6.979013	4.843917	33	
243	7.601957	15.825054	35	
244	5.286504	9.949254	87	
245	6.210439	9.783085	3	
246	7.211774	8.757973	15	
247	3.032715	5.053432	13	
248	5.282558	11.968229	44	
249	7.729281	9.268369	95	
250	4.189815	7.274605	24	
251	4.103082	8.389085	76	
252	7.383990	15.613880	48	
253	3.429216	7.020157	25	
254	3.980941	9.946644	43	
255	7.208630	9.442075	83	
256	3.383126	6.949085	65	
257	6.218744	13.117510	88	
258	5.029999	11.030733	22	
259	5.046807	6.984417	88	
260	1.086231	4.548944	31	
261	4.280242	8.869925	18	
262	6.182382	13.380416	9	
263	5.000849	7.866434	13	
264	5.695531	7.305515	63	
265	7.428164	14.206087	77	
266	7.447183	15.375817	40	
267	6.224245	9.136484	90	
268	4.559882	11.092404	12	
269	5.414162	11.666244	11	
270	5.123717	5.593618	7	
271	5.135542	8.888764	67	
272	3.030032	6.309030	13	
273	4.993696	7.021396	58	
274	6.153085	13.013522	59	
275	8.687366	6.751977	85	
276	5.339109	9.664936	28	
277	4.977189	9.342435	31	
278	4.199772	9.458715	64	
279	4.372034	10.208567	73	
280	6.227712	8.163025	65	
281	6.392676	12.430385	59	
282	5.635521	13.862695	27	
283	2.084628	5.163110	1	
284	4.898918	10.021169	44	
285	5.926119	6.482358	39	
286	6.371850	12.872464	3	
287	4.957440	11.807078	58	
288	5.326117	7.836363	96	
289	7.341277	12.361759	38	
290	8.004116	8.404044	97	
291	4.388698	7.818174	52	
292	5.705689	8.393011	88	
293	2.500696	5.000845	71	
294	5.725016	9.077824	45	
295	6.901408	9.177727	25	
296	2.631178	4.891933	84	
297	7.986301	14.195728	43	
298	2.419782	5.484448	42	
299	3.964213	8.744610	48	
300	3.120591	7.889379	30	
301	4.023603	3.988079	25	
302	4.606843	9.239024	6	
303	4.842553	9.596393	70	
304	7.249992	10.255133	85	
305	3.361624	8.373600	30	
306	3.952493	9.543936	18	
307	6.190402	7.248955	49	
308	3.723151	7.980284	60	
309	4.027402	8.842455	71	
310	4.032864	7.915391	52	
311	5.828833	7.360414	23	
312	5.961132	8.828115	56	
313	3.304174	7.197325	33	
314	4.150151	7.953295	54	
315	3.952493	9.543936	91	
316	4.820394	8.664822	82	
317	7.814322	10.201043	18	
318	4.978543	11.867290	99	
319	5.436230	6.851635	7	
320	4.105073	9.240764	72	
321	2.536563	4.129536	2	
322	7.037661	12.643754	8	
323	3.650050	3.977886	45	
324	4.914219	8.966103	87	
325	5.407529	10.118066	63	
326	3.860615	9.932712	59	
327	4.627853	9.990693	97	
328	7.280058	15.534975	1	
329	5.057337	7.809692	86	
330	5.271079	12.551365	83	
331	4.966867	11.591834	47	
332	4.451281	6.200850	98	
333	4.251722	7.976083	48	
334	4.593347	10.342109	23	
335	6.149642	13.211525	13	
336	7.826614	15.462828	52	
337	6.864527	12.294380	95	
338	4.391338	8.231934	68	
339	6.239132	13.444184	51	
340	1.275441	4.703183	18	
341	5.949383	13.129165	15	
342	5.294426	9.443846	34	
343	7.282739	15.289096	79	
344	3.981650	5.186363	9	
345	6.821265	9.954681	2	
346	5.837011	13.444225	35	
347	4.323926	10.165381	79	
348	3.866982	5.093233	97	
349	6.120239	12.169949	72	
350	1.635635	5.540223	84	
351	1.422987	4.319922	82	
352	5.963342	9.861495	80	
353	6.991925	12.759398	2	
354	5.776171	13.497020	27	
355	9.685955	16.293052	92	
356	6.156689	7.199965	24	
357	5.258342	10.969866	15	
358	4.089242	3.954958	81	
359	5.046231	9.864471	65	
360	6.671972	12.548628	56	
361	4.655743	10.242447	53	
362	7.718574	15.212726	64	
363	6.840220	13.398354	80	
364	5.318892	12.527350	83	
365	8.643299	16.371857	48	
366	7.619324	15.055827	45	
367	3.461313	4.848572	41	
368	8.192367	5.993175	97	
369	5.891160	7.274912	68	
370	4.436103	7.948188	93	
371	4.168632	7.536030	5	
372	4.282632	7.962724	69	
373	6.079736	7.656364	44	
374	7.423361	6.631705	20	
375	5.375773	12.505852	48	
376	5.801572	7.159724	76	
377	5.371992	11.447974	58	
378	7.271016	10.404719	17	
379	3.923511	8.735934	17	
380	4.192918	8.271890	57	
381	3.235348	5.973670	23	
382	1.487770	5.363380	59	
383	7.862170	13.223100	50	
384	7.715873	14.472684	66	
385	3.674890	4.780368	95	
386	4.830048	7.666678	7	
387	7.785611	9.184866	39	
388	8.394957	12.830226	24	
389	3.991069	7.173147	25	
390	1.063006	5.132829	37	
391	4.002103	8.768168	3	
392	4.313362	10.582596	72	
393	6.196576	13.486023	8	
394	4.900899	8.058231	76	
395	3.805850	9.455104	89	
396	4.679293	7.931687	21	
397	5.733853	7.151510	19	
398	5.064921	12.113005	48	
399	2.713287	6.014468	10	
400	4.963906	7.488340	1	
401	4.625648	11.047549	46	
402	8.284664	16.214899	10	
403	5.659902	7.068365	5	
404	4.578032	7.633254	38	
405	7.477551	12.427885	6	
406	3.884661	4.173748	30	
407	7.336933	9.473493	9	
408	6.920874	10.025785	55	
409	7.840578	14.867298	61	
410	5.829265	9.273659	95	
411	6.593339	10.405882	84	
412	4.044245	5.170239	11	
413	3.607943	9.018855	16	
414	4.735287	10.041790	38	
415	4.849242	10.228054	94	
416	8.460757	6.776427	95	
417	2.277132	5.726650	91	
418	3.082054	7.716002	24	
419	4.760250	7.085412	33	
420	8.060350	16.595329	67	
421	10.024256	16.218769	2	
422	4.431057	5.487639	88	
423	1.833464	5.385708	39	
424	3.745382	6.973739	89	
425	5.500811	11.525775	4	
426	7.599860	15.291865	14	
427	5.273217	7.804602	52	
428	1.887851	5.440205	61	
429	5.133201	12.734724	31	
430	4.307849	9.615477	67	
431	7.254118	9.407379	66	
432	1.991094	5.383227	87	
433	3.214516	4.282862	48	
434	5.042250	10.568536	63	
435	6.753739	12.238510	42	
436	5.758306	9.131731	35	
437	1.063006	5.132829	39	
438	3.915590	9.613824	53	
439	3.750509	4.270737	9	
440	9.730830	16.027865	94	
441	7.126544	14.647327	83	
442	4.625648	11.047549	70	
443	4.307849	9.615477	20	
444	1.964247	5.632403	72	
445	3.791653	7.774503	37	
446	4.027214	4.527809	71	
447	8.176042	13.980869	81	
448	6.572493	12.884466	58	
449	5.962142	8.097155	37	
450	7.862170	13.223100	6	
451	5.209692	12.454355	13	
452	2.728387	5.821501	32	
453	4.779598	9.310294	23	
454	7.729924	11.923968	44	
455	8.093694	5.922501	29	
456	3.686535	8.829239	84	
457	8.524567	6.583214	76	
458	7.600204	15.000037	58	
459	6.988677	9.759625	84	
460	4.863320	5.999487	46	
461	3.746038	7.613317	20	
462	3.824312	8.581126	13	
463	8.190515	14.999136	87	
464	5.158967	12.659073	43	
465	5.367509	11.729033	38	
466	4.789146	11.131693	9	
467	5.674811	7.803404	9	
468	4.951300	7.293643	8	
469	7.023639	12.679924	30	
470	5.199133	8.972775	60	
471	5.719218	12.068774	46	
472	6.671630	13.290906	39	
473	5.984561	9.061345	63	
474	9.027598	15.726008	89	
475	3.878879	9.401436	53	
476	5.283981	13.390735	20	
477	5.919144	9.247750	47	
478	4.264492	8.519436	67	
479	2.587656	4.622799	65	
480	5.692566	10.712439	55	
481	5.675071	12.909095	71	
482	1.441027	5.209847	69	
483	5.070664	11.233970	5	
484	1.384010	4.900116	93	
485	4.938136	6.823164	7	
486	6.020311	10.018554	13	
487	6.207463	10.314002	83	
488	4.447572	4.266344	91	
489	7.433646	15.447486	59	
490	3.380650	4.007166	85	
491	4.347623	4.266906	17	
492	5.117262	8.703904	34	
493	1.299540	4.420870	94	
494	6.275981	8.955075	36	
495	7.228754	8.434217	23	
496	7.331891	14.770694	76	
497	5.141082	10.355685	16	
498	6.251852	9.051664	72	
499	4.905492	7.004895	34	
500	6.787377	4.304849	21	
501	6.271199	14.143121	62	
502	6.526968	12.495968	86	
503	5.284887	8.083882	21	
504	1.861796	5.659951	4	
505	4.125989	7.536382	80	
506	3.602205	3.662744	31	
507	3.959280	9.848789	36	
508	4.135152	8.562074	63	
509	6.039722	8.502553	45	
510	6.016942	8.126421	47	
511	5.242001	8.386664	52	
512	5.366446	8.824252	17	
513	4.560181	8.335374	5	
514	8.196381	14.037389	67	
515	5.875235	9.754290	56	
516	4.285057	8.428286	2	
517	4.533565	6.936895	55	
518	6.001295	6.478068	13	
519	6.416595	10.201242	61	
520	1.742631	5.252782	84	
521	4.048861	7.867599	48	
522	4.171629	8.643439	56	
523	5.521506	13.462415	57	
524	4.464652	9.587464	84	
525	5.219561	12.640494	15	
526	3.855819	5.921108	92	
527	3.849112	4.310518	47	
528	4.923236	6.541865	24	
529	4.755718	9.985237	40	
530	7.361260	8.494412	81	
531	5.099692	5.452587	2	
532	1.181899	4.773032	54	
533	6.196679	13.131538	61	
534	8.068317	7.969845	17	
535	7.522019	8.134404	5	
536	4.197261	7.953039	91	
537	3.810638	8.606575	24	
538	4.134345	9.817477	74	
539	4.431706	8.388764	92	
540	3.342258	4.425658	13	
541	5.867405	9.672071	75	
542	6.710847	8.958734	13	
543	4.882512	9.472344	71	
544	4.696560	7.306287	24	
545	6.736163	7.851155	84	
546	4.971741	7.285725	37	
547	4.435882	7.725965	10	
548	5.160751	13.050999	81	
549	8.498381	14.336033	44	
550	3.743093	9.712994	24	
551	5.004048	6.057949	91	
552	3.907535	8.988965	64	
553	6.434050	9.506478	13	
554	5.259293	11.629664	38	
555	4.099811	10.056874	81	
556	3.038315	4.236802	30	
557	4.084910	8.605948	37	
558	6.508081	6.375764	21	
559	5.122771	12.020027	58	
560	4.691464	7.764224	3	
561	4.406092	9.241084	18	
562	6.792831	12.042584	97	
563	9.798396	16.959341	69	
564	7.402473	9.543694	10	
565	0.904737	4.948726	37	
566	4.709755	8.539810	80	
567	5.418504	8.680985	79	
568	4.425638	8.226142	35	
569	6.487255	9.868231	29	
570	6.701416	8.705212	13	
571	1.481331	4.319220	64	
572	4.909447	10.191260	75	
573	4.250673	10.645393	17	
574	4.989055	8.588382	1	
575	5.522391	12.028744	66	
576	5.800802	9.270325	7	
577	4.169853	4.145578	8	
578	6.060777	11.500397	4	
579	8.087398	14.373509	26	
580	8.138854	14.307392	34	
581	5.056092	5.454811	14	
582	6.493958	9.590077	20	
583	1.916402	5.630622	76	
584	3.891220	8.247755	41	
585	3.255912	6.561585	18	
586	6.692401	12.931435	73	
587	4.968321	9.496345	13	
588	3.632169	6.280772	84	
589	7.536556	11.722193	100	
590	6.379835	9.510851	22	
591	5.959453	10.041664	11	
592	7.951079	6.015365	8	
593	6.289500	6.936312	61	
594	5.261814	11.115123	91	
595	4.089332	5.158060	39	
596	3.070964	7.115780	42	
597	5.315762	9.117964	29	
598	2.265453	4.823419	55	
599	5.250902	11.223480	71	
600	5.730822	9.888850	48	
601	4.054473	8.632908	17	
602	10.749354	17.665241	72	
603	9.824838	16.436079	92	
604	4.459948	4.171713	19	
605	1.194471	4.992479	41	
606	6.308686	7.546184	16	
607	6.693691	12.745339	89	
608	6.977458	9.343574	94	
609	1.193058	4.593181	47	
610	4.841918	11.988068	21	
611	4.361232	9.905844	31	
612	8.207141	15.112256	72	
613	5.939552	7.476353	17	
614	7.013282	13.032303	36	
615	4.840022	6.562955	77	
616	4.647952	11.022424	7	
617	7.544644	13.885211	91	
618	5.122871	8.399665	10	
619	3.774597	9.407519	35	
620	4.686412	8.495292	4	
621	5.210331	4.796127	96	
622	4.249803	9.157155	87	
623	8.706286	15.278742	83	
624	3.204393	4.522263	53	
625	5.124794	9.344317	21	
626	7.533957	15.333556	86	
627	3.342889	4.094749	48	
628	3.877886	5.277235	82	
629	7.552211	7.693656	68	
630	5.648652	8.452235	4	
631	5.661719	9.956225	9	
632	6.804156	12.671414	62	
633	6.756002	8.740198	40	
634	7.453620	10.996630	93	
635	6.979013	4.843917	90	
636	7.486112	8.768205	7	
637	7.681319	13.818409	19	
638	4.200018	7.497376	11	
639	6.678764	12.001614	46	
640	5.123412	10.084399	60	
641	4.518664	5.588724	44	
642	4.844341	7.455865	26	
643	7.692089	14.930303	44	
644	4.177375	5.639762	59	
645	4.623364	8.314257	64	
646	1.060981	4.729598	47	
647	3.776193	7.470375	27	
648	4.157825	10.212674	67	
649	5.696053	7.361884	8	
650	4.398121	7.028595	13	
651	4.724720	9.244000	12	
652	4.506726	8.602606	36	
653	4.769124	9.497735	32	
654	4.485374	10.745725	18	
655	8.457775	6.561149	3	
656	5.123412	10.084399	85	
657	6.109305	9.735225	28	
658	4.280998	5.740544	71	
659	6.907152	7.984589	34	
660	5.992235	8.429879	69	
661	7.418921	11.841960	49	
662	5.803321	11.670174	90	
663	3.985426	10.545273	95	
664	8.390611	5.805865	69	
665	4.339782	10.383845	38	
666	9.884246	16.669880	85	
667	3.879864	8.081340	21	
668	5.405692	12.533914	70	
669	5.399656	11.370656	32	
670	6.974142	6.766815	51	
671	3.047864	4.814293	23	
672	4.443361	9.012208	57	
673	4.777812	8.731275	53	
674	4.212773	9.271005	61	
675	1.328781	5.023930	14	
676	4.876141	11.401204	61	
677	3.356318	8.360471	24	
678	7.640119	11.885832	41	
679	5.813881	10.341292	24	
680	5.999503	4.379716	61	
681	4.547443	8.799373	54	
682	4.322482	8.150987	38	
683	8.358783	6.638076	86	
684	7.496172	7.689284	39	
685	4.371442	6.817343	22	
686	5.795801	11.858594	88	
687	7.265501	8.960274	14	
688	5.390664	13.305479	57	
689	6.563342	6.844228	7	
690	8.376398	14.518411	99	
691	4.347978	10.006254	77	
692	6.039534	13.792225	15	
693	6.642323	9.294608	20	
694	5.367656	5.646002	37	
695	3.246017	6.204307	58	
696	5.091572	8.420495	44	
697	5.988053	12.907311	50	
698	3.450264	6.431908	52	
699	4.467075	7.738876	96	
700	4.543977	5.909004	7	
701	6.028255	8.177207	38	
702	4.638749	10.080584	91	
703	4.578032	7.633254	18	
704	4.957889	9.643899	37	
705	6.405417	9.501467	44	
706	7.694182	8.449995	13	
707	5.954738	9.781649	38	
708	5.529883	11.788175	80	
709	4.648632	7.881314	93	
710	8.120648	14.337038	12	
711	1.420839	4.790465	5	
712	6.921597	11.535225	71	
713	7.536556	11.722193	47	
714	3.694105	3.315802	38	
715	5.963502	11.671114	17	
716	4.135229	8.952134	24	
717	4.485374	10.745725	25	
718	4.295510	3.791270	8	
719	7.125807	14.507016	46	
720	3.963175	9.605655	72	
721	7.734907	13.556980	4	
722	3.840952	7.769965	87	
723	1.076115	4.874342	89	
724	2.807413	3.754709	88	
725	5.180809	9.190783	42	
726	5.189577	13.037881	86	
727	7.906146	14.376923	92	
728	4.304722	8.093882	19	
729	6.083090	9.744452	81	
730	4.405232	8.319595	89	
731	7.831601	15.071048	99	
732	7.009542	8.862235	45	
733	5.243732	9.925034	21	
734	5.997928	13.740960	41	
735	5.811091	10.095059	54	
736	3.924791	7.608494	46	
737	6.965121	8.175305	37	
738	7.013282	13.032303	59	
739	7.054363	14.833064	84	
740	5.167495	11.873690	32	
741	10.699854	17.872894	42	
742	1.989822	5.386093	86	
743	4.433172	9.690905	83	
744	3.538170	6.121910	78	
745	8.056201	11.115778	94	
746	6.569961	12.002165	49	
747	7.353090	7.537773	31	
748	5.539598	12.287238	77	
749	4.945932	11.510268	19	
750	6.302632	6.576116	43	
751	4.647102	8.495624	83	
752	3.226960	6.989060	92	
753	2.629681	3.786689	50	
754	4.489302	7.882740	91	
755	4.036231	7.985515	81	
756	7.670759	14.319833	96	
757	4.831171	10.266735	75	
758	6.067030	6.378549	19	
759	5.221161	12.304075	44	
760	5.963502	11.671114	62	
761	5.338782	9.773185	39	
762	4.849199	11.303991	47	
763	5.189577	13.037881	98	
764	3.318983	8.092715	22	
765	4.892899	11.217695	4	
766	4.637833	6.447315	16	
767	5.139530	11.745755	79	
768	3.329296	4.597965	13	
769	5.064921	12.113005	32	
770	8.267565	13.942356	79	
771	5.662562	8.263725	48	
772	5.287623	13.274085	2	
773	5.818702	13.418514	65	
774	4.843282	7.702174	57	
775	6.403572	9.531372	90	
776	6.490010	4.290689	45	
777	1.588097	5.551895	35	
778	7.147352	14.753655	51	
779	4.081754	8.173959	59	
780	5.191279	7.928410	49	
781	5.461242	13.077674	92	
782	7.209185	11.897149	94	
783	4.926331	10.723740	78	
784	4.611512	10.092853	78	
785	6.622730	14.185380	69	
786	5.722307	10.202366	13	
787	6.414832	10.258534	18	
788	5.620902	12.048394	91	
789	6.031661	9.056306	26	
790	6.825720	9.365985	14	
791	2.712945	3.780755	90	
792	6.682042	14.591574	10	
793	6.867853	9.308428	55	
794	6.233162	13.027054	51	
795	3.991337	9.094283	78	
796	6.076715	9.113682	41	
797	4.900864	12.046105	19	
798	7.286303	8.411355	78	
799	5.346847	8.347027	59	
800	9.202874	15.972989	36	
801	2.649008	6.640142	86	
802	3.667847	3.517260	89	
803	6.427099	9.021813	29	
804	4.530469	6.126211	66	
805	4.599147	9.941242	7	
806	4.726620	9.183955	3	
807	6.848870	14.212104	22	
808	6.282971	11.657345	92	
809	1.384010	4.900116	69	
810	5.776912	11.924314	53	
811	4.495270	7.729969	20	
812	5.382242	11.584516	88	
813	6.329932	12.964985	68	
814	6.614479	6.296136	62	
815	6.061763	8.935444	25	
816	7.617864	14.807679	64	
817	3.793709	5.883634	97	
818	7.123833	14.555415	65	
819	5.888391	9.615794	92	
820	5.059242	10.037891	74	
821	4.480272	5.966088	70	
822	6.809491	13.826279	23	
823	4.963183	8.037614	31	
824	6.804148	8.031134	34	
825	4.659784	8.169529	50	
826	7.126544	14.647327	6	
827	5.215183	10.972285	24	
828	2.091272	5.199471	73	
829	6.061763	8.935444	84	
830	5.291762	9.725835	55	
831	5.814352	3.610522	17	
832	5.467478	8.349946	52	
833	2.546186	6.009104	23	
834	3.486732	4.778617	79	
835	4.914172	5.479281	53	
836	5.640724	11.970894	51	
837	6.197660	4.627839	56	
838	3.165893	5.634181	45	
839	6.979951	8.989782	66	
840	3.065088	6.293447	11	
841	6.940029	7.529130	90	
842	4.581929	7.955786	29	
843	4.861258	8.492538	3	
844	6.009485	12.693592	90	
845	5.982323	11.580795	63	
846	8.376809	15.900586	38	
847	4.131693	6.421645	22	
848	5.401104	9.929314	39	
849	7.610012	10.775067	30	
850	5.954738	9.781649	25	
851	5.274665	12.412754	53	
852	6.640691	12.734558	87	
853	5.589342	13.039176	46	
854	3.383470	5.675506	10	
855	5.796968	9.769216	94	
856	6.516146	9.211605	77	
857	7.477756	9.729065	84	
858	5.178272	8.647004	63	
859	9.435120	15.872475	44	
860	4.276132	7.965534	67	
861	4.099811	10.056874	61	
862	7.495008	11.961762	83	
863	8.467872	16.185283	29	
864	6.075261	10.087608	43	
865	4.405455	8.437295	89	
866	5.021983	7.264686	92	
867	5.856571	3.219872	67	
868	3.147641	6.588590	38	
869	6.031532	8.990425	65	
870	5.075208	11.102890	73	
871	2.931042	7.210217	52	
872	6.871808	8.631876	94	
873	7.059704	14.442144	48	
874	8.892658	15.943840	51	
875	4.550191	10.805154	63	
876	4.596232	10.973534	98	
877	4.802243	11.648535	40	
878	4.465730	4.674320	23	
879	4.981795	7.368159	26	
880	5.395374	13.257314	71	
881	7.466523	8.055605	86	
882	2.998403	5.464920	62	
883	8.015862	5.993363	73	
884	5.713713	9.333072	47	
885	2.166958	4.436261	35	
886	5.005842	8.254964	96	
887	7.644322	12.668260	8	
888	3.706288	3.478714	41	
889	4.870478	10.448280	98	
890	3.933426	7.136864	75	
891	3.448639	4.304962	97	
892	3.226960	6.989060	76	
893	4.672018	8.410941	14	
894	7.048358	7.743717	66	
895	5.538413	7.565074	65	
896	4.512924	10.190332	28	
897	5.639401	9.827645	87	
898	8.300798	6.358864	91	
899	3.567276	5.270305	68	
900	5.490680	11.082871	72	
901	4.123181	8.660236	62	
902	3.332323	6.533235	46	
903	2.015592	5.179009	43	
904	6.694412	14.740761	85	
905	6.623502	9.301221	43	
906	5.457533	7.580004	21	
907	5.093612	9.007385	85	
908	5.834832	7.023641	45	
909	4.919599	6.833431	57	
910	7.887110	16.344220	22	
911	3.834694	7.627379	22	
912	6.710821	9.807782	18	
913	4.649642	10.165164	34	
914	5.264923	10.157525	16	
915	2.635090	3.730835	80	
916	5.473223	11.100563	43	
917	5.334432	13.236435	38	
918	3.898431	7.673414	37	
919	6.572159	7.924048	78	
920	5.795017	13.479518	19	
921	4.307104	9.280938	29	
922	4.566901	8.715008	2	
923	8.384156	16.015168	29	
924	4.908069	6.940891	79	
925	5.928387	9.124205	88	
926	7.676090	15.718814	94	
927	3.712209	9.132282	82	
928	7.736850	15.031704	95	
929	4.572328	9.324864	78	
930	4.075074	8.656724	65	
931	3.169788	7.281445	82	
932	7.135851	14.420574	58	
933	5.534423	8.782465	52	
934	6.680558	12.469953	77	
935	6.028544	6.287999	85	
936	10.024256	16.218769	13	
937	5.072851	7.245533	60	
938	6.077905	11.291761	86	
939	5.273217	7.804602	54	
940	5.643532	6.988794	69	
941	6.497444	6.869461	24	
942	4.426652	10.360699	96	
943	3.318983	8.092715	18	
944	3.260445	4.452780	16	
945	4.792119	8.672084	86	
946	6.183842	11.756956	83	
947	7.081249	14.493657	14	
948	5.639686	6.619173	62	
949	5.730822	9.888850	15	
950	3.968770	8.457642	78	
951	5.267892	12.740645	67	
952	5.682373	12.205574	9	
953	8.326302	16.216949	43	
954	3.959280	9.848789	12	
955	3.493505	6.187608	33	
956	3.507403	6.001797	75	
957	5.640212	6.729531	58	
958	3.681372	8.792744	53	
959	4.157825	10.212674	13	
960	7.859579	15.523037	86	
961	4.185350	8.578060	69	
962	9.777787	15.959912	33	
963	4.661942	7.559737	5	
964	4.680724	9.822200	36	
965	6.775153	6.606934	57	
966	4.726628	9.157130	100	
967	6.273192	8.179515	73	
968	5.284061	8.362635	88	
969	4.533314	8.501443	12	
970	6.013633	9.081170	68	
971	7.209185	11.897149	19	
972	3.342576	4.566725	52	
973	5.200124	9.294879	24	
974	3.555545	5.039997	23	
975	6.301106	12.601432	75	
976	5.456073	10.197006	34	
977	3.944872	9.776845	2	
978	5.098361	12.250034	100	
979	3.776602	8.948922	25	
980	4.663706	9.495415	35	
981	4.545993	10.681854	34	
982	4.987615	9.897468	64	
983	7.336933	9.473493	78	
984	4.932633	12.717785	57	
985	3.662242	7.500515	15	
986	4.891032	8.131074	67	
987	4.793203	10.913464	35	
988	3.104057	6.982134	9	
989	8.253989	12.995031	63	
990	7.687117	14.734535	54	
991	7.830970	13.932976	20	
992	4.388776	5.820879	98	
993	5.443623	10.972004	78	
994	8.358783	6.638076	100	
995	6.218744	13.117510	98	
996	2.657556	4.988209	47	
997	4.128913	10.083285	30	
998	2.723205	4.491135	60	
999	4.510157	10.051056	23	
1000	1.338413	4.261298	43	
1001	6.376831	8.944255	8	
1002	6.620862	12.699154	30	
1003	9.613021	16.877292	65	
1004	2.645316	5.026609	19	
1005	4.001702	8.607914	45	
1006	5.137402	9.190324	41	
1007	5.451604	3.649890	44	
1008	3.057242	6.418084	94	
1009	4.660001	7.555736	93	
1010	4.661942	7.559737	21	
1011	3.070783	4.256201	67	
1012	7.159382	12.287257	24	
1013	3.848362	8.576145	77	
1014	3.604843	4.514773	12	
1015	4.358187	4.645321	36	
1016	5.915322	9.749424	1	
1017	7.943227	14.924575	86	
1018	6.909948	14.658318	39	
1019	4.780739	9.911904	79	
1020	8.080861	6.070260	66	
1021	5.123717	5.593618	20	
1022	4.136071	4.113627	91	
1023	5.200124	9.294879	26	
1024	7.216161	9.652204	82	
1025	3.712879	5.184690	87	
1026	6.695154	13.823416	59	
1027	6.108893	12.157266	83	
1028	5.284887	8.083882	29	
1029	5.142983	12.601485	6	
1030	5.171773	12.512690	91	
1031	5.945553	13.567416	60	
1032	5.460234	10.522114	7	
1033	3.739992	7.818459	39	
1034	1.262385	4.721338	96	
1035	6.090433	11.698995	64	
1036	7.881699	14.912504	73	
1037	3.638733	4.753641	28	
1038	8.677732	17.071510	88	
1039	7.341756	13.420358	74	
1040	4.709591	8.485409	4	
1041	5.048173	7.525106	56	
1042	7.607261	14.182945	32	
1043	5.551352	7.105354	49	
1044	3.634803	6.203605	3	
1045	5.009183	10.904947	9	
1046	6.574201	13.918878	73	
1047	2.994133	7.024331	100	
1048	4.673823	9.242135	49	
1049	6.463093	8.939319	20	
1050	4.792717	5.595843	40	
1051	4.870015	10.530447	13	
1052	4.688503	11.113015	73	
1053	2.936345	5.212363	67	
1054	3.348787	6.889126	3	
1055	6.567725	7.412570	65	
1056	4.826061	9.499116	30	
1057	1.723050	4.968612	57	
1058	5.922472	8.609524	44	
1059	6.800052	8.027654	33	
1060	4.189196	8.500310	29	
1061	6.754058	3.915854	46	
1062	5.628445	3.822856	14	
1063	4.711721	8.626895	99	
1064	4.519967	9.921417	59	
1065	3.666561	7.010179	74	
1066	3.955945	4.402706	15	
1067	4.418243	9.167505	54	
1068	1.060080	4.800627	98	
1069	7.990366	16.254798	55	
1070	4.785381	10.330997	12	
1071	4.089332	5.158060	54	
1072	3.263226	4.322327	57	
1073	4.889266	11.617974	17	
1074	5.150075	6.783789	64	
1075	8.034531	15.517325	37	
1076	4.841593	11.078576	65	
1077	10.556189	17.665845	84	
1078	4.547627	6.197983	58	
1079	0.978864	5.155158	44	
1080	5.127821	13.131735	95	
1081	6.093642	13.493963	14	
1082	4.649892	8.408064	47	
1083	4.557502	10.142622	17	
1084	5.931321	9.901183	45	
1085	3.480840	3.293307	68	
1086	6.000181	12.136454	88	
1087	6.566318	9.017813	36	
1088	7.505418	15.023145	2	
1089	6.371850	12.872464	70	
1090	1.998828	4.230748	32	
1091	2.635090	3.730835	42	
1092	3.847803	8.573344	83	
1093	5.703682	13.207214	64	
1094	5.746512	12.357925	47	
1095	3.866982	5.093233	70	
1096	6.049442	8.579424	35	
1097	4.855132	7.533785	85	
1098	8.978801	16.393280	19	
1099	6.455560	12.983620	46	
1100	4.480672	9.342822	18	
1101	6.867853	9.308428	11	
1102	5.530178	7.749530	25	
1103	4.427805	10.570480	87	
1104	4.057311	8.355355	74	
1105	4.784675	10.263652	65	
1106	3.860689	10.372647	87	
1107	3.635038	5.036671	31	
1108	4.174844	10.334181	46	
1109	5.065892	8.799515	8	
1110	4.600572	8.196772	63	
1111	7.057912	9.583184	89	
1112	5.071219	5.548683	3	
1113	5.413317	13.680658	55	
1114	4.209451	7.633928	67	
1115	6.506717	8.383603	64	
1116	3.916521	9.279209	79	
1117	1.269733	5.073435	23	
1118	5.754632	12.541704	94	
1119	4.629971	9.102754	27	
1120	3.810638	8.606575	16	
1121	4.916093	11.460057	34	
1122	5.722307	10.202366	58	
1123	2.580287	5.340086	97	
1124	6.784289	8.525113	77	
1125	6.339762	9.492044	45	
1126	4.978543	11.867290	83	
1127	5.075833	7.988515	98	
1128	5.262858	13.207632	19	
1129	6.532506	8.099676	76	
1130	3.906912	10.196574	32	
1131	5.733853	7.151510	38	
1132	6.264238	9.899313	19	
1133	4.449032	7.818664	7	
1134	4.506206	5.526884	56	
1135	3.724687	7.087108	89	
1136	5.466024	9.923314	21	
1137	7.475708	15.423005	93	
1138	4.025084	8.476701	7	
1139	4.829393	6.524054	86	
1140	8.138854	14.307392	45	
1141	5.547624	7.100551	51	
1142	3.526509	5.182153	53	
1143	4.356176	5.957730	1	
1144	5.068972	6.966225	52	
1145	5.902942	6.704925	38	
1146	8.516958	17.577124	71	
1147	8.681980	15.231097	58	
1148	7.634004	15.663391	30	
1149	6.313490	11.611769	87	
1150	4.560181	8.335374	3	
1151	5.417392	13.002764	22	
1152	7.444572	6.647345	38	
1153	4.854802	8.591933	95	
1154	3.513852	7.944665	93	
1155	6.017935	12.170349	32	
1156	7.325262	14.786284	41	
1157	4.602081	9.379904	39	
1158	4.574276	5.519766	99	
1159	9.136388	11.710497	43	
1160	3.295308	4.026044	13	
1161	6.909102	10.015715	92	
1162	3.607943	9.018855	17	
1163	4.822786	11.419331	99	
1164	7.565920	8.016949	80	
1165	6.384816	9.101650	74	
1166	3.969151	8.543277	8	
1167	5.132978	8.125616	48	
1168	5.292343	9.589125	26	
1169	7.073001	13.491143	36	
1170	5.184442	6.815005	15	
1171	7.159077	13.604628	17	
1172	4.656341	6.178746	66	
1173	3.746302	8.661393	52	
1174	9.415547	15.505363	57	
1175	4.757772	10.360125	63	
1176	6.409191	13.443723	63	
1177	5.756443	11.896715	61	
1178	4.868362	7.528925	22	
1179	3.415802	7.065135	85	
1180	5.651003	11.987257	48	
1181	4.445252	8.648083	70	
1182	4.007199	7.962223	99	
1183	5.811083	7.003587	40	
1184	10.720983	17.655583	97	
1185	4.920361	9.660994	35	
1186	6.830381	13.213098	4	
1187	3.660950	4.224551	36	
1188	8.654125	13.728811	92	
1189	4.810193	7.606252	43	
1190	5.533874	13.073977	44	
1191	6.462251	13.714285	19	
1192	6.273612	7.376101	32	
1193	3.924791	7.608494	21	
1194	4.024181	6.395021	42	
1195	4.554461	8.928397	26	
1196	7.275614	8.571255	47	
1197	8.031031	16.751852	73	
1198	6.122547	13.120905	7	
1199	5.712292	11.410002	78	
1200	9.080144	15.629122	28	
1201	3.890299	6.733898	64	
1202	4.604891	7.710644	38	
1203	8.524567	6.583214	6	
1204	1.874399	5.642142	51	
1205	8.656953	6.849776	37	
1206	4.934552	11.257645	87	
1207	4.234990	9.726188	51	
1208	5.301697	9.571430	69	
1209	3.552080	4.140833	71	
1210	4.980705	6.998583	76	
1211	6.301106	12.601432	78	
1212	2.441527	5.251785	4	
1213	7.817472	10.284225	32	
1214	8.529254	15.465906	14	
1215	4.913545	5.998443	90	
1216	3.918930	4.402098	12	
1217	5.233156	12.054080	7	
1218	7.161930	9.114083	49	
1219	2.730353	4.036852	6	
1220	4.905892	9.509855	24	
1221	7.729281	9.268369	54	
1222	6.771882	14.726224	38	
1223	3.910771	6.780811	61	
1224	3.718695	5.469946	71	
1225	6.284306	9.231262	88	
1226	7.403612	12.899916	61	
1227	6.614479	6.296136	82	
1228	7.091411	14.359816	90	
1229	3.855819	5.921108	56	
1230	6.411432	12.916034	91	
1231	4.625648	11.047549	55	
1232	7.731892	11.896164	40	
1233	5.786421	8.383425	75	
1234	5.004542	8.263025	78	
1235	5.626771	9.129822	92	
1236	8.748192	6.794914	94	
1237	5.777359	13.327149	74	
1238	5.868241	8.569014	23	
1239	6.790642	14.537759	89	
1240	3.745382	6.973739	64	
1241	8.469877	17.229711	68	
1242	7.536734	7.842054	77	
1243	5.092874	10.225564	86	
1244	8.297998	14.456640	55	
1245	4.603603	8.556544	18	
1246	2.827688	4.143092	12	
1247	4.563935	10.213566	33	
1248	8.202732	15.117658	44	
1249	9.496080	16.087865	61	
1250	6.950541	14.013925	36	
1251	8.385669	15.840133	23	
1252	3.961547	10.573230	62	
1253	6.843003	9.912525	10	
1254	5.152023	10.904084	88	
1255	5.703289	13.148576	94	
1256	4.313496	8.108831	50	
1257	9.447373	16.210305	55	
1258	3.629609	4.103999	86	
1259	5.898533	6.879945	80	
1260	6.094739	13.583084	73	
1261	5.843702	7.012844	80	
1262	6.346777	9.075784	14	
1263	6.980092	12.586420	19	
1264	1.194512	5.241123	23	
1265	5.184760	10.152755	44	
1266	7.958174	16.615676	49	
1267	3.602205	3.662744	61	
1268	3.295662	6.546960	10	
1269	7.398052	11.616051	83	
1270	8.276421	15.302267	27	
1271	4.937837	10.234057	31	
1272	3.538471	5.990756	62	
1273	2.540966	4.035017	2	
1274	6.214869	12.881162	12	
1275	8.721357	6.872437	38	
1276	6.365983	10.076711	73	
1277	6.805311	9.226054	20	
1278	5.930385	7.010396	56	
1279	3.830311	4.500320	69	
1280	7.222671	8.693565	67	
1281	6.000857	9.036327	33	
1282	5.115148	9.292114	12	
1283	7.512181	15.755000	90	
1284	6.397082	9.399265	16	
1285	3.879553	8.427123	15	
1286	3.661742	8.665764	88	
1287	4.105908	3.403555	99	
1288	6.178060	10.264447	14	
1289	3.633025	7.740756	12	
1290	2.827549	4.720488	100	
1291	6.943377	10.032529	13	
1292	4.664205	9.185364	55	
1293	8.228579	16.178690	85	
1294	6.273192	8.179515	70	
1295	6.566685	7.194960	79	
1296	5.568629	11.664122	71	
1297	6.198379	9.841076	67	
1298	7.533957	15.333556	2	
1299	3.952079	4.420086	67	
1300	6.346777	9.075784	27	
1301	5.403761	13.217714	76	
1302	6.832134	9.439875	20	
1303	3.021793	6.010262	98	
1304	8.724163	15.926096	24	
1305	5.102672	6.851664	66	
1306	6.632802	12.608854	23	
1307	6.988677	9.759625	52	
1308	5.732012	9.674715	84	
1309	8.011252	11.108268	71	
1310	7.028617	13.092819	94	
1311	6.197027	13.580435	14	
1312	4.169515	8.542724	62	
1313	8.316240	15.444914	51	
1314	2.860075	5.223809	47	
1315	2.981370	4.619739	45	
1316	5.283981	13.390735	69	
1317	3.812751	9.270565	40	
1318	5.581691	12.246608	67	
1319	3.789091	10.265575	69	
1320	5.221855	9.408963	16	
1321	4.879962	7.971035	89	
1322	6.620862	12.699154	90	
1323	5.402122	11.634354	92	
1324	2.015592	5.179009	91	
1325	3.032721	7.520903	1	
1326	6.576681	9.319115	29	
1327	4.952732	11.533695	55	
1328	6.103704	11.325061	84	
1329	6.596567	12.760771	26	
1330	7.878539	13.867723	65	
1331	6.402753	11.990405	7	
1332	2.671282	3.789654	56	
1333	6.793339	14.018417	28	
1334	6.203707	10.209636	63	
1335	5.525180	3.580187	83	
1336	4.657193	7.919985	56	
1337	5.610103	6.758709	52	
1338	2.930600	4.527847	4	
1339	5.242331	9.626014	10	
1340	6.804156	12.671414	59	
1341	7.807799	16.420442	52	
1342	5.122771	12.020027	16	
1343	3.186000	4.833186	9	
1344	6.650935	14.185087	31	
1345	6.731803	8.068805	73	
1346	5.044533	8.914446	7	
1347	6.127325	13.721801	48	
1348	3.407636	6.957502	30	
1349	4.595063	7.188505	28	
1350	4.388411	9.699297	4	
1351	5.075833	7.988515	25	
1352	3.318612	7.237925	77	
1353	7.537779	5.952240	27	
1354	8.943510	16.680469	12	
1355	4.977994	8.000461	16	
1356	7.108790	6.717831	100	
1357	6.676711	4.354828	7	
1358	3.071480	4.686139	16	
1359	5.063363	6.777735	6	
1360	8.970441	16.582916	84	
1361	5.753082	7.277474	2	
1362	18.381344	18.843991	80	
1363	6.567924	7.443390	81	
1364	4.606792	9.241496	4	
1365	3.873546	7.817032	20	
1366	4.727022	11.074755	7	
1367	3.640523	7.810347	40	
1368	6.581643	7.453731	74	
1369	2.532872	5.057284	5	
1370	4.702994	8.350423	26	
1371	3.516914	4.162976	3	
1372	7.576537	15.542632	78	
1373	6.372022	8.829684	80	
1374	7.067945	12.653220	71	
1375	3.173767	4.497467	61	
1376	2.936345	5.212363	99	
1377	8.927721	16.112062	28	
1378	5.641073	12.353194	22	
1379	5.785020	3.566969	7	
1380	8.667359	16.712145	76	
1381	4.349968	5.761243	95	
1382	4.281582	8.291482	79	
1383	4.145635	9.885766	67	
1384	4.254558	10.409325	25	
1385	6.372022	8.829684	94	
1386	6.403604	10.237839	13	
1387	4.441022	8.766212	92	
1388	5.294426	9.443846	100	
1389	2.920530	3.538940	67	
1390	6.624063	3.965968	87	
1391	7.953218	13.344023	84	
1392	6.201209	10.098440	51	
1393	5.540692	11.134327	29	
1394	5.853747	9.439640	68	
1395	4.961282	10.685055	11	
1396	5.695812	7.244904	86	
1397	7.279532	9.244398	77	
1398	4.400560	7.564521	22	
1399	7.452547	13.532090	31	
1400	4.125114	5.448718	92	
1401	5.078118	9.919875	69	
1402	3.855819	5.921108	7	
1403	5.672188	12.020765	88	
1404	4.410894	5.531257	13	
1405	3.895249	4.237482	37	
1406	4.680724	9.822200	84	
1407	4.745888	11.008834	55	
1408	3.982883	8.015675	6	
1409	5.276617	11.204248	74	
1410	5.115922	11.137204	8	
1411	5.465991	7.892713	30	
1412	4.309217	7.708404	1	
1413	2.480931	4.992635	31	
1414	7.680176	11.110216	97	
1415	6.528494	8.025958	47	
1416	9.043028	15.617778	77	
1417	6.853911	9.315238	65	
1418	3.732773	9.020875	48	
1419	5.371992	11.447974	61	
1420	3.783528	6.121150	57	
1421	3.944882	7.813474	94	
1422	3.414530	8.077234	36	
1423	5.757925	6.737897	16	
1424	4.043149	8.792424	9	
1425	3.597210	7.870786	3	
1426	7.037362	6.238474	90	
1427	6.831426	8.239206	21	
1428	7.426003	6.420234	78	
1429	2.038909	5.196501	21	
1430	3.112045	6.778112	11	
1431	3.602514	8.941240	68	
1432	3.982023	4.911307	65	
1433	3.184816	5.692062	87	
1434	1.446531	5.292972	58	
1435	3.181466	5.839202	20	
1436	8.871229	17.353255	91	
1437	3.242932	7.178605	30	
1438	6.864701	10.420406	93	
1439	5.618416	13.205719	78	
1440	3.273357	4.109214	78	
1441	3.670399	6.061066	24	
1442	3.658535	5.381777	50	
1443	3.071787	7.286516	31	
1444	5.175972	8.944083	2	
1445	3.630922	6.164820	16	
1446	3.817759	4.868149	21	
1447	3.125039	6.360625	79	
1448	1.584949	4.397945	15	
1449	6.361985	7.508251	100	
1450	7.334402	12.462184	7	
1451	4.558131	10.381220	34	
1452	6.861314	7.729449	84	
1453	5.830265	6.714024	88	
1454	5.116189	10.205084	66	
1455	2.308178	4.773992	87	
1456	3.732521	7.347616	64	
1457	6.212141	13.413544	84	
1458	6.094592	9.617015	44	
1459	7.746595	9.307068	37	
1460	4.185350	8.578060	47	
1461	10.796438	17.671881	83	
1462	4.081256	8.850008	92	
1463	6.738987	4.304452	30	
1464	5.175116	12.160592	14	
1465	5.807550	11.970036	3	
1466	3.727217	6.009149	33	
1467	6.757620	9.143058	58	
1468	4.742982	6.830735	6	
1469	3.494216	5.674568	76	
1470	4.561631	10.212755	95	
1471	4.679293	7.931687	53	
1472	3.652692	9.015159	50	
1473	5.223694	8.894493	10	
1474	7.669451	8.024812	65	
1475	8.565271	17.504150	37	
1476	4.957889	9.643899	86	
1477	5.099014	7.156363	3	
1478	3.700879	7.268370	3	
1479	1.043560	4.960170	64	
1480	4.709591	8.485409	36	
1481	5.515334	3.149955	8	
1482	3.303571	4.137406	31	
1483	3.917879	4.606446	49	
1484	5.060182	10.233174	28	
1485	4.027214	4.527809	55	
1486	4.313991	9.003125	50	
1487	5.407912	11.040225	8	
1488	3.778728	7.044481	5	
1489	4.189673	8.898630	29	
1490	5.056741	10.722505	66	
1491	6.358333	7.616543	60	
1492	6.594210	4.267563	94	
1493	7.043338	14.751779	24	
1494	5.302143	11.349645	65	
1495	5.143101	6.930014	47	
1496	5.016390	6.715912	97	
1497	6.167962	8.449184	5	
1498	6.079736	7.656364	10	
1499	6.649557	10.313501	18	
1500	5.807550	11.970036	94	
1501	9.252522	16.099631	52	
1502	4.875911	7.411335	11	
1503	7.705608	13.527648	14	
1504	4.516831	9.020514	21	
1505	3.685032	9.721154	94	
1506	7.563164	9.031074	52	
1507	3.392502	4.838226	22	
1508	7.081249	14.493657	11	
1509	4.777372	11.245324	19	
1510	5.574652	6.217017	18	
1511	5.902914	11.554896	78	
1512	5.926394	9.646674	68	
1513	3.431655	4.101550	8	
1514	7.286000	14.432635	72	
1515	5.060182	10.233174	80	
1516	4.407175	9.796030	72	
1517	8.178057	12.548626	31	
1518	3.680111	8.334356	54	
1519	5.908011	6.477353	96	
1520	7.330597	14.398771	85	
1521	5.124794	9.344317	72	
1522	6.540108	7.320904	34	
1523	5.666822	10.689485	51	
1524	5.446980	7.002038	11	
1525	5.401104	9.929314	55	
1526	5.942022	9.994975	92	
1527	6.995771	13.884887	56	
1528	6.363476	13.006098	12	
1529	3.402422	4.542118	4	
1530	2.546186	6.009104	52	
1531	6.335887	8.430019	97	
1532	8.197976	15.980415	84	
1533	4.662872	9.105015	35	
1534	4.589672	10.199235	88	
1535	5.696053	7.361884	64	
1536	7.294697	13.676636	75	
1537	6.189922	13.054495	11	
1538	4.578032	7.633254	42	
1539	4.360161	6.949685	66	
1540	5.280772	11.033315	65	
1541	3.969047	4.567364	6	
1542	5.640724	11.970894	14	
1543	5.624797	9.289443	40	
1544	7.703773	11.928994	18	
1545	4.249803	9.157155	64	
1546	5.210608	10.231564	54	
1547	6.327982	6.311967	85	
1548	6.037395	8.509086	51	
1549	3.516963	3.791884	19	
1550	3.706288	3.478714	39	
1551	3.584178	4.416862	64	
1552	5.154204	8.578273	90	
1553	3.818211	7.526904	19	
1554	4.289112	8.966875	74	
1555	6.364848	8.254646	58	
1556	6.540587	10.828321	82	
1557	5.370087	10.908953	59	
1558	5.199813	8.564615	67	
1559	6.193787	7.559393	95	
1560	4.125960	3.332211	31	
1561	2.931042	7.210217	58	
1562	5.828833	7.360414	91	
1563	3.952493	9.543936	32	
1564	5.732012	9.674715	31	
1565	5.930854	7.108415	54	
1566	4.430811	10.469626	93	
1567	7.144985	13.442001	23	
1568	1.270997	5.170059	68	
1569	4.468357	5.942833	57	
1570	7.287308	8.014719	41	
1571	4.089543	10.431277	41	
1572	7.659987	14.039917	29	
1573	6.989462	9.990261	45	
1574	5.914483	11.702575	59	
1575	2.277132	5.726650	54	
1576	5.976750	10.193048	20	
1577	5.309731	9.827570	73	
1578	5.910090	7.157158	6	
1579	4.355992	10.294964	61	
1580	3.427619	6.858136	19	
1581	5.344430	11.408957	71	
1582	7.990366	16.254798	94	
1583	4.939028	7.664908	62	
1584	6.272942	9.268834	43	
1585	4.499087	5.591839	11	
1586	3.959280	9.848789	24	
1587	5.273217	7.804602	11	
1588	4.403552	10.040025	97	
1589	6.223108	12.437694	90	
1590	7.107504	15.092361	11	
1591	8.148115	15.983962	5	
1592	5.617596	12.954894	87	
1593	6.351409	14.292943	73	
1594	5.215183	10.972285	14	
1595	5.969076	8.152492	57	
1596	6.569961	12.002165	9	
1597	6.296533	11.441224	24	
1598	5.179763	9.865345	51	
1599	5.116572	8.339294	36	
1600	4.313496	8.108831	67	
1601	7.548172	5.969365	81	
1602	3.969047	4.567364	66	
1603	9.122411	16.367188	58	
1604	3.698280	9.792219	56	
1605	5.509882	13.047384	20	
1606	4.004493	3.751682	92	
1607	5.198125	13.033871	58	
1608	3.069919	6.364639	71	
1609	6.510012	9.095498	13	
1610	8.708465	7.020974	80	
1611	5.841594	9.643049	13	
1612	5.065665	8.133483	7	
1613	6.964957	8.093899	78	
1614	6.792479	11.613161	14	
1615	4.721422	9.305584	56	
1616	4.286003	8.672213	43	
1617	9.048447	16.004682	2	
1618	4.929475	3.941612	89	
1619	6.626032	9.946434	52	
1620	6.510217	10.133549	38	
1621	2.494384	3.959978	26	
1622	5.885643	10.026344	93	
1623	5.223694	8.894493	41	
1624	5.414236	11.358878	23	
1625	4.527790	8.527337	43	
1626	8.136569	16.211266	28	
1627	6.460981	8.288918	63	
1628	8.089479	16.565144	63	
1629	5.400842	11.423965	20	
1630	5.192483	13.537135	1	
1631	1.927432	5.716949	7	
1632	4.714201	8.625394	42	
1633	6.497444	6.869461	69	
1634	4.650091	10.569212	76	
1635	4.659784	8.169529	26	
1636	3.450614	7.204901	8	
1637	7.609203	9.781123	27	
1638	10.749354	17.665241	86	
1639	7.931859	16.722545	72	
1640	4.916093	11.460057	16	
1641	6.256306	9.207820	42	
1642	2.676791	4.313274	92	
1643	4.710939	10.954867	56	
1644	7.577391	14.210193	65	
1645	4.280998	5.740544	16	
1646	4.950942	12.021604	18	
1647	4.934234	8.484094	77	
1648	4.250100	8.617675	86	
1649	8.770808	16.131623	47	
1650	1.858120	5.697968	82	
1651	5.486141	13.266354	12	
1652	5.044085	9.008253	19	
1653	4.516612	9.170725	31	
1654	4.000467	7.197166	46	
1655	1.300017	5.140451	12	
1656	6.371850	12.872464	99	
1657	4.939135	8.560263	79	
1658	6.751285	12.777779	70	
1659	4.237013	7.224027	77	
1660	5.476145	11.821863	73	
1661	7.364577	15.240954	60	
1662	5.646828	12.855886	4	
1663	5.856915	10.757020	15	
1664	4.712241	10.286045	40	
1665	3.881079	4.355561	71	
1666	4.951300	7.293643	13	
1667	7.644860	12.616860	12	
1668	3.953633	4.037816	73	
1669	3.752915	9.208809	55	
1670	5.826662	8.594493	64	
1671	7.557626	15.073657	84	
1672	6.875830	4.202117	22	
1673	7.807799	16.420442	81	
1674	6.264238	9.899313	49	
1675	4.393611	5.537430	60	
1676	1.551358	5.500267	59	
1677	8.609315	15.428688	29	
1678	6.015642	11.767962	31	
1679	7.579761	7.799020	14	
1680	3.893705	8.878514	74	
1681	5.174964	7.174136	33	
1682	1.422987	4.319922	75	
1683	4.073351	8.510183	92	
1684	4.944292	8.666855	78	
1685	4.311284	6.914918	27	
1686	5.419211	8.537018	68	
1687	5.290611	11.711795	61	
1688	8.150026	15.903502	80	
1689	5.037578	8.508205	60	
1690	5.137822	11.029674	63	
1691	4.318663	7.462935	52	
1692	2.559697	4.964370	32	
1693	2.058654	4.435878	68	
1694	9.739895	16.922112	29	
1695	4.773642	6.932025	85	
1696	8.770617	16.901429	35	
1697	5.697104	10.407746	29	
1698	6.574516	12.721164	16	
1699	5.582967	9.893667	63	
1700	4.371862	8.577012	41	
1701	3.754693	7.900604	11	
1702	1.915351	5.766412	8	
1703	9.613021	16.877292	32	
1704	7.588133	14.200195	66	
1705	5.947679	3.432751	76	
1706	7.751727	14.726425	18	
1707	5.283985	7.884898	2	
1708	5.391983	13.377665	96	
1709	1.066066	4.401725	15	
1710	6.329932	12.964985	40	
1711	5.132012	9.497604	81	
1712	3.955982	9.361095	26	
1713	3.994747	7.197653	82	
1714	4.505092	8.695812	85	
1715	5.593981	8.522904	83	
1716	3.846314	4.730585	34	
1717	3.918070	4.254042	84	
1718	4.719532	11.050834	21	
1719	5.580042	8.665264	35	
1720	5.807550	11.970036	42	
1721	4.157825	10.212674	71	
1722	5.474503	11.226741	96	
1723	7.550013	13.458926	57	
1724	6.644306	9.507805	61	
1725	4.480672	9.342822	79	
1726	7.186045	13.531755	80	
1727	4.886084	12.934644	46	
1728	2.221959	4.787048	95	
1729	3.598463	3.260107	32	
1730	5.212242	10.451765	14	
1731	4.726628	9.157130	6	
1732	7.473738	15.062536	41	
1733	1.322545	5.390643	82	
1734	6.899931	12.526219	48	
1735	4.710162	8.801227	12	
1736	4.690307	10.712529	65	
1737	5.294162	11.617145	25	
1738	5.590565	10.070737	85	
1739	3.952079	4.420086	89	
1740	5.702638	11.464452	55	
1741	4.412291	7.911625	29	
1742	5.020103	8.646253	59	
1743	5.604266	10.715128	25	
1744	4.920963	10.114228	29	
1745	6.034553	11.564005	72	
1746	3.752069	6.840818	21	
1747	5.702045	11.585818	6	
1748	6.936443	7.909480	62	
1749	3.906374	6.899266	73	
1750	6.510217	10.133549	64	
1751	5.958707	11.641336	37	
1752	6.838546	8.319392	88	
1753	4.836952	9.314234	58	
1754	3.775910	7.969194	82	
1755	4.710441	6.691525	41	
1756	2.680758	6.032517	80	
1757	8.616243	16.350917	22	
1758	4.934234	8.484094	25	
1759	6.263736	11.621386	74	
1760	3.724687	7.087108	51	
1761	5.091504	5.673089	79	
1762	4.465730	4.674320	30	
1763	4.475742	7.373814	7	
1764	4.272843	6.875677	27	
1765	8.190515	14.999136	94	
1766	4.545202	9.969297	57	
1767	3.082697	4.783043	26	
1768	7.032904	14.457524	26	
1769	8.725252	15.387849	73	
1770	5.493486	11.703267	59	
1771	3.585606	3.595547	95	
1772	5.690010	13.659605	6	
1773	6.802053	4.146188	65	
1774	6.070925	12.785406	1	
1775	6.133373	13.326125	19	
1776	6.862223	4.013101	79	
1777	6.296533	11.441224	11	
1778	4.057131	8.467988	41	
1779	6.776470	7.501824	49	
1780	3.685032	9.721154	7	
1781	7.037362	6.238474	13	
1782	3.917302	10.468184	46	
1783	6.196576	13.486023	33	
1784	9.025397	16.254329	7	
1785	5.827885	8.790993	70	
1786	5.318629	11.186948	48	
1787	5.045398	10.939277	32	
1788	1.620906	5.572366	10	
1789	3.605983	8.709689	54	
1790	5.604266	10.715128	13	
1791	5.401793	3.575632	54	
1792	6.844232	14.833254	97	
1793	6.379835	9.510851	71	
1794	7.369323	8.579445	86	
1795	7.429718	15.698481	31	
1796	5.504733	11.870951	66	
1797	4.611551	10.743190	20	
1798	5.702707	13.570243	91	
1799	6.285922	12.576565	5	
1800	5.853872	9.761995	63	
1801	3.749554	7.582837	35	
1802	6.052610	13.547471	53	
1803	3.834663	7.708365	53	
1804	2.546186	6.009104	37	
1805	3.972536	4.548026	75	
1806	5.288802	7.742745	10	
1807	3.374293	6.556965	83	
1808	3.778728	7.044481	47	
1809	5.136650	11.754945	97	
1810	3.838652	7.682343	77	
1811	6.143828	12.638188	73	
1812	6.933152	6.248204	27	
1813	7.402160	14.343803	21	
1814	3.769862	6.005494	37	
1815	6.094742	8.083235	32	
1816	6.940283	14.925457	40	
1817	6.256306	9.207820	95	
1818	2.936345	5.212363	88	
1819	6.739681	13.059639	32	
1820	5.527405	11.504953	95	
1821	10.444589	16.184142	61	
1822	1.129421	4.830147	7	
1823	5.124932	8.016235	79	
1824	3.624376	9.419031	33	
1825	4.487152	7.707492	51	
1826	5.717078	10.268500	37	
1827	4.782283	9.246294	25	
1828	6.187371	10.334556	34	
1829	4.940552	11.051995	77	
1830	6.465477	9.308281	71	
1831	7.632187	11.874142	59	
1832	4.206027	9.564457	12	
1833	5.705689	8.393011	29	
1834	7.696998	9.518092	6	
1835	6.715894	7.256154	68	
1836	4.357642	7.177685	93	
1837	5.282558	11.968229	75	
1838	5.597473	8.495581	5	
1839	3.746038	7.613317	90	
1840	4.067437	7.645329	9	
1841	6.804148	8.031134	3	
1842	4.117832	8.331295	12	
1843	3.619748	5.254502	25	
1844	6.950541	14.013925	29	
1845	5.199342	12.585415	64	
1846	3.669434	8.184154	75	
1847	3.896969	8.043737	67	
1848	3.313965	6.485981	7	
1849	4.989114	12.733286	59	
1850	3.720167	7.073704	64	
1851	5.581728	7.677477	50	
1852	4.796641	9.649383	70	
1853	2.770532	6.830215	73	
1854	3.495424	7.790004	28	
1855	8.157729	15.554071	23	
1856	4.670011	11.271944	57	
1857	5.548007	8.733047	57	
1858	2.533976	6.148106	18	
1859	5.172578	11.199672	32	
1860	4.561592	5.760236	87	
1861	7.330243	14.105754	51	
1862	4.973214	8.698724	15	
1863	2.621841	3.924871	73	
1864	7.396372	6.581611	62	
1865	8.498381	14.336033	54	
1866	4.335086	9.035399	47	
1867	5.144015	10.660084	48	
1868	2.781471	6.354989	15	
1869	5.210012	11.989105	34	
1870	5.291532	7.029355	21	
1871	7.793091	9.560553	89	
1872	6.160450	9.707667	23	
1873	5.803321	11.670174	20	
1874	4.938136	6.823164	56	
1875	3.607943	9.018855	25	
1876	5.420823	11.069424	54	
1877	6.878978	6.459150	41	
1878	3.682013	6.011783	88	
1879	3.072664	4.110569	79	
1880	9.252522	16.099631	70	
1881	3.560182	5.956805	50	
1882	7.019280	12.840159	57	
1883	5.067528	9.665511	32	
1884	5.301697	9.571430	100	
1885	5.987848	10.708578	44	
1886	6.335756	12.278995	91	
1887	1.165640	4.790434	25	
1888	4.685961	6.607505	16	
1889	6.077905	11.291761	80	
1890	4.443271	8.306194	21	
1891	6.306642	13.514813	39	
1892	3.870511	7.628194	57	
1893	4.018850	9.982190	45	
1894	4.270737	9.656336	89	
1895	7.597140	9.135464	35	
1896	7.144845	8.480358	87	
1897	7.337914	9.662878	47	
1898	5.474503	11.226741	62	
1899	6.582329	14.321152	3	
1900	7.694109	15.894182	51	
1901	4.429548	8.233366	91	
1902	5.880742	10.273354	77	
1903	5.883918	10.596080	26	
1904	4.449331	8.851145	15	
1905	5.175116	12.160592	42	
1906	4.641116	5.893571	2	
1907	5.512892	10.405679	94	
1908	4.288440	6.637724	8	
1909	5.707272	8.826864	98	
1910	7.287335	11.808653	60	
1911	9.435120	15.872475	65	
1912	5.006170	7.120097	98	
1913	1.060981	4.729598	45	
1914	6.165991	5.819154	78	
1915	4.284783	9.933064	53	
1916	6.686999	10.263994	47	
1917	4.574689	7.742935	38	
1918	6.789243	9.605194	42	
1919	6.102120	9.448514	16	
1920	4.935033	10.151625	75	
1921	5.821116	4.960862	37	
1922	7.793091	9.560553	99	
1923	6.248802	13.454465	12	
1924	4.078473	8.895199	2	
1925	4.797471	9.645562	47	
1926	5.138452	7.956664	63	
1927	5.060192	11.839625	76	
1928	4.708280	9.582004	42	
1929	3.428522	8.333904	9	
1930	4.410876	8.568928	11	
1931	5.816541	8.165265	32	
1932	4.483973	9.943335	1	
1933	3.922463	7.205726	90	
1934	7.304591	13.775383	60	
1935	3.946551	7.883852	49	
1936	5.150192	8.312525	47	
1937	7.951079	6.015365	52	
1938	3.759387	10.230520	89	
1939	3.956513	4.234371	8	
1940	5.072902	7.580635	75	
1941	5.211191	13.094285	49	
1942	4.861071	8.392575	77	
1943	4.313887	3.974531	49	
1944	4.381059	5.748726	64	
1945	4.018850	9.982190	45	
1946	4.048861	7.867599	11	
1947	5.059242	11.836865	18	
1948	3.007701	5.531150	15	
1949	8.944071	16.472187	87	
1950	5.407912	11.040225	54	
1951	6.540587	10.828321	10	
1952	6.658265	13.390207	10	
1953	3.656403	9.464252	19	
1954	3.884417	3.981515	17	
1955	6.680558	12.469953	83	
1956	4.093413	7.871355	36	
1957	7.181691	5.202397	29	
1958	3.867873	9.263399	9	
1959	3.907482	8.399989	74	
1960	4.433818	10.090228	38	
1961	4.249803	9.157155	26	
1962	3.746130	4.185217	85	
1963	4.935033	10.151625	95	
1964	5.969076	8.152492	71	
1965	4.836952	9.314234	54	
1966	5.251572	11.100594	93	
1967	6.886463	10.328062	89	
1968	4.606792	9.241496	95	
1969	3.771341	4.216607	44	
1970	4.908231	9.394221	68	
1971	4.907690	8.867725	75	
1972	7.662817	14.786253	26	
1973	3.888105	8.280054	87	
1974	5.465100	7.108680	50	
1975	8.927721	16.112062	3	
1976	7.334402	12.462184	17	
1977	2.677469	3.910318	80	
1978	7.336933	9.473493	41	
1979	6.875673	13.009125	8	
1980	6.068922	7.248574	89	
1981	7.767511	14.789997	77	
1982	4.093682	7.938284	51	
1983	9.249817	15.778537	72	
1984	8.365515	14.423448	51	
1985	6.034579	13.949780	65	
1986	8.145732	16.915321	61	
1987	5.000897	12.774179	46	
1988	5.878622	11.655094	4	
1989	3.928785	7.418798	67	
1990	7.406696	15.215686	17	
1991	5.841093	13.057264	62	
1992	7.390341	7.833074	33	
1993	4.989114	12.733286	57	
1994	5.730722	9.867221	49	
1995	7.478794	7.872684	100	
1996	4.344355	10.492975	26	
1997	4.899117	11.391574	98	
1998	7.249992	10.255133	86	
1999	4.659112	9.580884	8	
2000	5.939552	7.476353	19	
2001	3.719332	8.576715	68	
2002	5.097318	8.506081	78	
2003	7.282952	6.533474	38	
2004	4.657193	7.919985	65	
2005	3.989922	7.873344	10	
2006	5.677711	12.415719	88	
2007	5.908371	6.617475	69	
2008	4.863320	5.999487	57	
2009	4.410894	5.531257	39	
2010	4.861071	8.392575	85	
2011	4.729397	9.938364	46	
2012	5.334112	12.468505	45	
2013	8.421892	6.302364	51	
2014	4.579412	8.371675	29	
2015	6.364848	8.254646	56	
2016	6.732691	8.190824	68	
2017	4.726594	9.181698	87	
2018	2.435650	4.148431	87	
2019	6.737592	13.976855	36	
2020	4.463751	7.846474	11	
2021	2.410510	5.647426	64	
2022	6.582643	7.227097	48	
2023	4.672582	10.252315	22	
2024	8.503110	16.258421	15	
2025	9.397400	15.234546	74	
2026	4.386632	7.602745	18	
2027	7.654371	14.139865	22	
2028	4.261462	9.161204	23	
2029	7.085840	7.682443	61	
2030	7.052722	8.172585	80	
2031	7.563735	15.770419	81	
2032	8.806425	5.735375	60	
2033	6.993232	8.281199	28	
2034	3.741331	7.168750	17	
2035	5.150642	11.141224	24	
2036	6.800650	10.022640	23	
2037	4.661502	10.243930	28	
2038	4.601399	10.226514	17	
2039	4.388651	10.116194	55	
2040	5.095514	9.189792	24	
2041	4.891032	8.131074	60	
2042	7.614077	6.058689	59	
2043	3.317658	6.348872	27	
2044	8.378358	10.025863	90	
2045	6.358401	8.845414	99	
2046	6.275981	8.955075	75	
2047	7.271461	14.384808	39	
2048	4.275859	10.220601	38	
2049	4.145635	9.885766	18	
2050	1.481331	4.319220	58	
2051	4.597903	10.625968	54	
2052	7.506592	5.762068	99	
2053	5.478472	5.631085	21	
2054	6.230151	12.254124	34	
2055	4.744442	9.605874	51	
2056	3.538471	5.990756	40	
2057	3.361624	8.373600	2	
2058	6.088827	11.716573	23	
2059	3.070310	6.063704	42	
2060	8.011252	11.108268	46	
2061	4.345563	10.613727	76	
2062	6.751222	11.965055	63	
2063	6.407561	8.746295	45	
2064	8.466041	16.601647	54	
2065	3.598899	4.247702	26	
2066	1.469229	4.169388	89	
2067	6.881313	12.843289	59	
2068	8.003310	11.866954	71	
2069	2.422954	4.979233	92	
2070	4.031361	7.956763	79	
2071	3.732773	9.020875	94	
2072	9.258224	16.721543	97	
2073	7.640785	9.141496	47	
2074	5.880742	10.273354	74	
2075	1.312518	4.516264	13	
2076	5.674091	9.449935	95	
2077	3.568478	9.366346	61	
2078	2.931042	7.210217	96	
2079	2.697964	3.495748	59	
2080	3.799419	7.324811	48	
2081	7.819702	14.309444	19	
2082	3.415802	7.065135	34	
2083	2.129062	4.510099	2	
2084	5.522790	12.968483	46	
2085	5.874452	13.267155	22	
2086	4.966525	10.813915	4	
2087	4.104860	10.269098	11	
2088	5.973213	8.620450	65	
2089	3.071480	4.686139	64	
2090	6.289195	4.711010	70	
2091	6.563342	6.844228	21	
2092	3.769862	6.005494	34	
2093	5.507322	9.408524	23	
2094	2.345914	4.978291	21	
2095	5.713713	9.333072	95	
2096	3.874204	10.050972	66	
2097	6.853904	13.144510	52	
2098	7.719873	14.480964	4	
2099	4.067437	7.645329	31	
2100	7.254831	9.839364	3	
2101	4.117127	4.659110	38	
2102	8.293861	15.278365	42	
2103	4.641063	7.656528	93	
2104	7.358753	12.694374	51	
2105	4.378622	10.523705	82	
2106	3.094700	4.222396	20	
2107	3.447112	7.796464	19	
2108	3.121789	6.056327	8	
2109	5.672413	7.823047	22	
2110	6.940269	12.375833	78	
2111	5.040521	5.380960	24	
2112	5.582811	12.497123	61	
2113	4.410876	8.568928	80	
2114	5.583206	9.068501	88	
2115	3.726699	4.945457	85	
2116	5.380553	8.229382	94	
2117	4.000467	7.197166	89	
2118	7.191400	12.227822	54	
2119	3.754693	7.900604	24	
2120	2.703137	5.022044	20	
2121	6.609119	14.419626	59	
2122	1.076677	5.000878	66	
2123	6.605707	3.899978	54	
2124	3.487871	7.192455	93	
2125	1.224569	5.317106	20	
2126	4.811880	8.093772	56	
2127	10.699854	17.872894	16	
2128	6.955981	13.324694	20	
2129	5.504453	12.691732	91	
2130	4.021639	7.195365	91	
2131	1.833781	5.737329	43	
2132	4.283519	9.024055	99	
2133	5.125491	7.933729	34	
2134	3.070783	4.256201	49	
2135	3.628302	7.670434	88	
2136	5.221855	9.408963	49	
2137	6.585252	8.432175	99	
2138	6.442514	9.855873	48	
2139	4.829518	10.061294	96	
2140	3.553135	8.231586	95	
2141	4.432378	8.085346	61	
2142	6.125208	7.684784	84	
2143	6.263736	11.621386	82	
2144	5.288802	7.742745	80	
2145	4.487152	7.707492	55	
2146	3.861170	8.239630	29	
2147	8.182874	12.611379	70	
2148	1.422987	4.319922	65	
2149	7.632402	12.163213	15	
2150	3.773673	6.062365	39	
2151	7.506272	7.627454	7	
2152	4.945232	10.303197	23	
2153	6.579872	13.810833	40	
2154	4.321864	8.418705	68	
2155	5.102672	6.851664	41	
2156	8.136569	16.211266	7	
2157	4.822983	7.546954	91	
2158	5.938817	9.941197	33	
2159	5.201533	11.649481	46	
2160	4.836952	9.314234	25	
2161	2.621841	3.924871	35	
2162	8.460466	5.855914	63	
2163	7.081249	14.493657	84	
2164	7.973743	16.238465	9	
2165	5.922230	13.996169	66	
2166	5.424486	13.277864	40	
2167	5.274665	12.412754	52	
2168	3.514081	6.006639	18	
2169	3.474278	4.225638	37	
2170	5.971089	9.083412	84	
2171	1.043560	4.960170	51	
2172	6.168904	9.045834	47	
2173	8.889784	15.946326	82	
2174	5.868208	11.751238	28	
2175	5.411963	11.107054	49	
2176	3.561302	9.426248	95	
2177	7.028259	11.854649	2	
2178	7.976047	11.885257	65	
2179	9.838141	16.376164	98	
2180	4.077842	8.822333	26	
2181	3.073602	7.334705	70	
2182	3.881079	4.355561	95	
2183	3.529572	5.317493	12	
2184	7.855471	12.744921	7	
2185	0.000000	3.332829	91	
2186	8.516016	5.764364	12	
2187	6.214167	8.521927	81	
2188	5.399359	8.233634	8	
2189	3.675101	9.656785	64	
2190	4.086288	9.520521	51	
2191	4.774343	7.688854	2	
2192	3.584178	4.416862	68	
2193	7.718574	11.981083	18	
2194	5.342335	11.195847	86	
2195	6.657651	12.040038	71	
2196	8.297998	14.456640	39	
2197	4.169515	8.542724	61	
2198	5.246917	11.676752	59	
2199	4.672018	8.410941	29	
2200	1.418338	5.026044	54	
2201	4.074875	8.020621	21	
2202	7.044209	9.129824	96	
2203	4.449331	8.851145	49	
2204	3.284752	6.601402	85	
2205	7.820612	15.468247	99	
2206	6.532506	8.099676	6	
2207	4.780794	4.322288	34	
2208	2.060040	4.661023	12	
2209	5.186343	11.465007	70	
2210	8.246942	15.459238	24	
2211	4.276132	7.965534	67	
2212	7.753062	11.896035	90	
2213	8.782742	16.659073	29	
2214	5.078118	9.919875	3	
2215	7.783148	15.556078	54	
2216	3.029232	7.187044	78	
2217	4.734663	9.033224	81	
2218	5.323536	9.501075	35	
2219	4.975696	10.549068	12	
2220	9.334170	16.310546	51	
2221	4.993235	11.652045	43	
2222	9.027598	15.726008	72	
2223	6.159751	4.368804	27	
2224	6.162829	4.869980	76	
2225	10.118369	17.416204	9	
2226	2.139603	5.333668	26	
2227	5.419139	10.597541	50	
2228	4.157981	9.739977	56	
2229	6.663483	9.208523	11	
2230	7.651146	15.329958	95	
2231	5.046807	6.984417	29	
2232	5.924125	3.742960	65	
2233	2.673789	4.906148	53	
2234	7.542045	7.257872	68	
2235	4.436779	7.794262	30	
2236	4.460784	9.209567	24	
2237	6.229891	8.997894	96	
2238	7.039062	15.139729	31	
2239	6.404411	13.636364	45	
2240	3.988097	3.117996	30	
2241	4.816400	8.110545	89	
2242	7.821369	11.261975	62	
2243	3.656292	4.036491	16	
2244	3.474919	8.956363	43	
2245	5.955543	7.777956	50	
2246	3.925725	4.559000	16	
2247	6.796919	13.224796	89	
2248	3.825609	6.840982	21	
2249	7.085840	7.682443	79	
2250	5.356993	10.288751	99	
2251	4.892899	11.217695	6	
2252	4.482116	8.435874	88	
2253	3.376755	3.154309	77	
2254	8.186962	14.072379	87	
2255	6.533562	12.032233	97	
2256	7.067136	8.633201	71	
2257	6.629964	9.632766	19	
2258	3.985062	4.959425	66	
2259	5.313384	8.824797	23	
2260	9.435120	15.872475	85	
2261	4.919155	10.586583	48	
2262	3.830460	4.387430	80	
2263	5.249202	12.280504	73	
2264	6.382543	12.484954	82	
2265	5.832694	8.726114	88	
2266	7.831601	15.071048	26	
2267	5.321110	9.829849	22	
2268	5.907036	6.730017	37	
2269	2.794369	5.186077	49	
2270	4.396777	6.962917	35	
2271	4.994253	10.785853	75	
2272	4.784095	9.186824	59	
2273	6.125208	7.684784	45	
2274	6.167962	8.449184	3	
2275	5.434006	3.650796	98	
2276	4.963906	7.488340	25	
2277	4.020611	7.672435	62	
2278	8.745564	15.972106	14	
2279	6.670031	10.084803	74	
2280	6.739681	13.059639	4	
2281	6.551589	10.210189	74	
2282	7.034931	9.555804	3	
2283	1.251871	5.089313	28	
2284	3.836221	9.031064	33	
2285	4.358187	4.645321	82	
2286	5.990404	11.378668	8	
2287	5.020103	8.646253	39	
2288	5.515244	5.342882	46	
2289	4.779598	9.310294	31	
2290	6.816635	8.865421	90	
2291	5.179763	9.865345	94	
2292	5.827885	8.790993	32	
2293	3.758975	9.807944	18	
2294	5.041881	12.211102	28	
2295	6.054248	11.404624	18	
2296	4.266899	9.937043	84	
2297	4.328251	8.767693	88	
2298	3.834663	7.708365	73	
2299	6.567725	7.412570	98	
2300	7.141904	9.129380	1	
2301	2.137018	5.306311	18	
2302	6.892171	14.329379	44	
2303	5.318892	12.527350	79	
2304	6.052610	13.547471	39	
2305	6.416595	10.201242	35	
2306	2.572151	3.829379	17	
2307	7.447183	15.375817	52	
2308	5.659902	7.068365	41	
2309	7.651146	15.329958	97	
2310	5.339109	9.664936	36	
2311	6.766232	8.009376	65	
2312	6.550819	11.688747	94	
2313	4.973201	10.576345	99	
2314	4.729276	7.661021	80	
2315	5.430467	11.148845	33	
2316	7.250358	7.992971	17	
2317	5.178272	8.647004	28	
2318	8.148115	15.983962	16	
2319	5.115148	9.292114	79	
2320	4.103463	8.589754	47	
2321	7.188668	8.734734	90	
2322	5.459575	9.496578	25	
2323	3.525030	6.351575	92	
2324	4.578613	10.502865	97	
2325	5.807407	6.914406	54	
2326	7.602987	6.177157	80	
2327	6.757958	14.587595	12	
2328	3.974312	4.321698	55	
2329	5.949501	13.489955	42	
2330	4.156641	9.445224	60	
2331	6.076811	11.572804	88	
2332	5.572858	11.082766	22	
2333	7.034931	9.555804	62	
2334	4.844878	9.188495	50	
2335	3.414530	8.077234	98	
2336	5.086286	12.918479	91	
2337	3.315618	5.211275	49	
2338	3.800343	7.498834	16	
2339	8.015862	5.993363	20	
2340	5.661323	8.932846	54	
2341	4.024463	4.550085	88	
2342	4.951763	12.489595	87	
2343	8.616243	16.350917	34	
2344	3.707554	6.991462	42	
2345	7.661992	15.700140	12	
2346	6.747183	12.200229	94	
2347	5.908371	6.617475	10	
2348	3.690865	7.826264	45	
2349	6.865031	9.676055	62	
2350	7.077542	14.091584	59	
2351	7.776936	15.502395	30	
2352	5.012105	7.794166	79	
2353	7.951079	6.015365	39	
2354	6.715894	7.256154	79	
2355	10.699854	17.872894	99	
2356	4.312943	9.060753	52	
2357	7.525489	13.504578	81	
2358	5.451411	7.752724	17	
2359	4.300321	5.730734	68	
2360	6.338511	13.228163	71	
2361	6.899245	11.809952	20	
2362	4.061250	8.759863	9	
2363	8.068317	7.969845	82	
2364	3.892470	8.262474	58	
2365	1.589334	4.443077	73	
2366	7.291187	12.443525	58	
2367	5.300732	10.971345	63	
2368	4.197532	9.498675	51	
2369	5.934721	10.038364	67	
2370	3.508128	9.133564	29	
2371	7.491604	14.123938	17	
2372	3.839498	7.231162	21	
2373	7.777600	15.350456	80	
2374	6.790889	8.184494	99	
2375	5.524845	12.097200	56	
2376	5.873396	12.473412	30	
2377	6.176190	12.647225	12	
2378	3.738051	9.366362	34	
2379	4.432378	8.085346	63	
2380	8.496216	15.853283	94	
2381	6.956184	7.979713	27	
2382	4.934963	6.017821	87	
2383	6.657532	9.608727	49	
2384	5.116572	8.339294	56	
2385	4.201753	8.613005	22	
2386	4.946082	11.282604	57	
2387	5.427778	11.568724	45	
2388	3.036508	4.601305	11	
2389	5.882882	11.601834	72	
2390	7.824574	10.183827	40	
2391	7.478940	12.513964	64	
2392	5.688371	12.631554	51	
2393	5.400842	11.423965	71	
2394	6.951977	9.862433	100	
2395	5.542709	11.276720	46	
2396	4.262547	7.573723	23	
2397	5.448851	12.353765	13	
2398	4.093682	7.938284	73	
2399	10.902008	18.063413	23	
2400	7.680176	11.110216	39	
2401	5.198230	12.354499	11	
2402	3.657517	5.320034	30	
2403	4.741822	11.445574	45	
2404	5.874452	13.267155	29	
2405	5.628056	9.880826	55	
2406	3.823514	6.936617	78	
2407	6.348505	8.929769	66	
2408	4.024463	4.550085	36	
2409	4.659112	9.580884	65	
2410	2.200228	5.835987	91	
2411	5.974893	6.353084	78	
2412	3.818717	6.795319	34	
2413	7.081271	9.414605	47	
2414	4.382695	8.573516	89	
2415	2.827688	4.143092	41	
2416	9.730830	16.027865	99	
2417	5.079978	8.570548	5	
2418	6.473386	12.637211	51	
2419	4.057563	7.285635	9	
2420	6.635196	13.699267	34	
2421	4.631640	7.318471	92	
2422	7.113843	12.520155	37	
2423	6.348872	13.557424	92	
2424	10.660215	17.957556	99	
2425	4.217469	10.065521	42	
2426	7.559774	7.256228	66	
2427	5.769359	12.806791	76	
2428	6.802612	12.528325	37	
2429	5.417392	13.002764	82	
2430	3.521812	8.160217	75	
2431	4.308417	6.116538	37	
2432	5.196306	12.210002	88	
2433	5.062226	13.437471	89	
2434	4.162353	7.399148	82	
2435	6.705576	9.995391	21	
2436	6.145473	9.753754	25	
2437	5.249432	11.275557	63	
2438	6.756282	11.992893	97	
2439	1.670730	5.172234	17	
2440	5.601235	12.166246	25	
2441	5.250861	12.117905	16	
2442	6.857906	14.239031	14	
2443	7.398433	14.896187	9	
2444	7.815578	8.372185	76	
2445	5.256839	9.930775	74	
2446	6.354692	9.211859	33	
2447	6.771882	14.726224	58	
2448	4.508492	9.507215	85	
2449	5.787812	12.205933	21	
2450	4.567560	7.158776	45	
2451	6.734633	13.497125	86	
2452	6.462841	7.580449	73	
2453	5.424486	13.277864	11	
2454	2.667340	5.650684	23	
2455	2.605642	4.418376	2	
2456	5.096174	13.417363	42	
2457	4.944292	8.666855	3	
2458	3.978600	7.117720	70	
2459	5.144785	13.006504	90	
2460	6.268199	12.006406	10	
2461	4.968081	9.680755	66	
2462	5.009244	7.671276	65	
2463	3.297534	6.641740	17	
2464	3.946551	7.883852	68	
2465	3.412615	4.670157	28	
2466	4.257133	8.484205	62	
2467	8.157729	15.554071	17	
2468	4.122282	9.746252	75	
2469	3.778728	7.044481	63	
2470	7.552211	7.693656	62	
2471	7.059929	8.279386	42	
2472	4.857481	8.590305	74	
2473	6.660219	9.507928	11	
2474	6.579872	13.810833	48	
2475	7.180958	9.668055	14	
2476	5.478472	5.631085	11	
2477	7.062331	13.822902	96	
2478	4.382833	8.939295	21	
2479	4.616600	6.010921	38	
2480	4.353915	10.743736	75	
2481	6.297893	7.263535	26	
2482	3.812751	9.270565	64	
2483	4.558131	10.381220	60	
2484	6.034555	13.786857	7	
2485	5.237142	12.699425	89	
2486	3.895249	4.237482	8	
2487	5.516552	12.072274	79	
2488	7.841475	15.285062	51	
2489	6.629171	12.489583	91	
2490	3.894241	9.493365	18	
2491	7.953218	13.344023	51	
2492	3.260445	4.452780	43	
2493	7.317363	9.115875	72	
2494	4.383750	4.133587	33	
2495	9.977451	16.458828	84	
2496	3.328512	8.164121	3	
2497	5.015476	5.914057	55	
2498	4.671982	9.304285	32	
2499	4.054473	8.632908	20	
2500	5.368617	13.278239	63	
2501	8.073521	16.756165	68	
2502	4.669934	6.544347	84	
2503	5.366882	9.757225	65	
2504	7.440970	15.194997	47	
2505	7.400385	14.499056	12	
2506	1.833781	5.737329	70	
2507	4.797071	11.319394	73	
2508	8.217094	16.435823	86	
2509	6.936443	7.909480	77	
2510	9.739895	16.922112	24	
2511	7.793091	9.560553	96	
2512	4.017943	8.923154	13	
2513	3.263226	4.322327	24	
2514	7.081249	14.493657	1	
2515	8.795003	15.791170	28	
2516	4.055755	9.657530	80	
2517	5.707522	10.218772	23	
2518	5.009244	7.671276	79	
2519	5.267563	10.348421	73	
2520	7.188668	8.734734	11	
2521	4.158767	7.868244	15	
2522	6.836562	11.842152	34	
2523	5.384759	13.909084	89	
2524	7.779783	15.832353	9	
2525	6.878673	9.651255	31	
2526	5.527452	12.609985	100	
2527	4.895721	6.585281	56	
2528	1.663277	5.072675	69	
2529	9.259418	16.342194	34	
2530	7.241161	15.314377	56	
2531	6.030363	9.797143	75	
2532	3.639779	3.856353	95	
2533	6.396772	14.089294	59	
2534	0.927363	4.843076	32	
2535	6.402443	12.339708	44	
2536	5.052586	13.442728	13	
2537	5.093462	8.970125	54	
2538	4.459948	4.171713	65	
2539	3.799419	7.324811	19	
2540	5.522391	12.028744	33	
2541	5.859820	13.612915	62	
2542	4.007479	9.182228	19	
2543	5.617820	13.436221	94	
2544	5.907036	6.730017	60	
2545	6.833621	8.108655	72	
2546	3.933426	7.136864	80	
2547	4.757271	11.390720	86	
2548	7.499932	11.719385	22	
2549	4.192768	10.246019	60	
2550	5.974893	6.353084	60	
2551	5.448442	11.088634	38	
2552	6.506717	8.383603	86	
2553	4.399712	7.879105	32	
2554	3.462951	8.184461	39	
2555	5.093573	8.972524	39	
2556	5.641107	9.100628	86	
2557	5.876302	9.028663	96	
2558	5.559319	10.287872	3	
2559	7.977728	15.427080	25	
2560	6.802053	4.146188	72	
2561	7.419212	14.884358	97	
2562	5.485273	12.875194	29	
2563	5.243732	9.925034	52	
2564	4.009753	8.324164	71	
2565	3.712209	9.132282	73	
2566	6.015613	11.571364	55	
2567	8.373692	6.506285	6	
2568	7.253436	14.295716	97	
2569	7.250358	7.992971	40	
2570	6.483706	14.217394	38	
2571	5.466341	11.961907	57	
2572	6.120462	10.108705	1	
2573	6.571205	10.030944	63	
2574	3.042017	3.528624	50	
2575	3.428008	3.644871	93	
2576	3.658672	6.198292	66	
2577	4.636572	8.039764	15	
2578	3.885662	9.087844	93	
2579	7.563164	9.031074	64	
2580	7.738180	9.506507	82	
2581	6.136975	6.498490	93	
2582	3.887241	9.451315	78	
2583	4.450392	5.705816	80	
2584	6.814446	12.986860	50	
2585	7.149974	13.589144	13	
2586	4.441184	10.272406	60	
2587	6.819398	6.022025	89	
2588	4.264092	9.939700	53	
2589	6.063434	9.012900	72	
2590	7.993403	16.788056	27	
2591	5.253622	12.744624	74	
2592	6.970618	15.074916	30	
2593	7.561437	8.505448	90	
2594	8.671222	15.728642	56	
2595	6.581473	14.125378	33	
2596	3.974724	10.149427	13	
2597	3.987706	8.907264	86	
2598	4.564275	9.022792	75	
2599	3.007851	5.145688	11	
2600	6.210439	9.783085	32	
2601	7.018652	9.524132	64	
2602	5.323422	11.142404	68	
2603	5.092268	6.945034	35	
2604	3.953633	4.037816	2	
2605	8.780261	16.255379	25	
2606	2.514913	4.451707	55	
2607	6.144936	8.723296	28	
2608	4.136438	8.763937	7	
2609	8.566067	5.932700	49	
2610	6.299513	12.321212	59	
2611	4.554461	8.928397	4	
2612	5.641771	8.573604	96	
2613	8.158910	14.369374	15	
2614	6.920874	10.025785	60	
2615	10.753960	16.932873	22	
2616	5.911802	13.734590	65	
2617	5.790251	9.572624	55	
2618	5.150601	11.594125	40	
2619	4.977609	9.289884	26	
2620	5.502063	11.220785	91	
2621	2.053429	4.506059	85	
2622	6.083955	8.918864	96	
2623	4.714103	8.410104	80	
2624	7.231764	8.026012	18	
2625	1.485609	4.948535	21	
2626	5.848838	10.161408	12	
2627	5.614203	11.617765	4	
2628	6.526968	12.495968	92	
2629	5.105422	9.240189	5	
2630	3.711242	7.715224	45	
2631	7.447183	15.375817	84	
2632	5.767221	10.673924	27	
2633	5.682852	10.674364	70	
2634	6.855905	13.418654	98	
2635	4.149529	10.000841	27	
2636	2.979281	4.672537	85	
2637	5.104660	11.466820	43	
2638	6.374562	4.180412	84	
2639	2.484914	6.083607	13	
2640	5.718393	9.400834	82	
2641	6.182382	13.380416	79	
2642	4.914887	10.449414	56	
2643	9.730955	15.903365	75	
2644	6.719031	8.321675	9	
2645	6.956184	7.979713	25	
2646	8.915440	17.136007	30	
2647	5.837439	12.678558	90	
2648	1.203460	4.784488	78	
2649	5.776171	13.497020	72	
2650	7.542045	7.257872	33	
2651	4.242475	3.864406	4	
2652	4.914887	10.449414	10	
2653	5.174964	7.174136	13	
2654	5.114425	9.587720	84	
2655	5.331679	12.466446	64	
2656	3.980939	6.721120	21	
2657	4.713665	11.039808	63	
2658	5.093573	8.972524	97	
2659	7.887264	13.188672	92	
2660	4.760250	7.085412	49	
2661	5.784046	9.910200	75	
2662	4.957440	11.807078	6	
2663	6.819398	6.022025	40	
2664	5.640851	13.020174	7	
2665	6.594210	4.267563	53	
2666	5.560541	11.632427	71	
2667	6.737592	13.976855	23	
2668	9.256376	15.738313	14	
2669	5.125511	9.894017	46	
2670	8.308034	7.065197	90	
2671	4.473446	5.755066	53	
2672	5.287623	13.274085	14	
2673	7.676299	12.192971	78	
2674	4.659784	8.169529	62	
2675	2.484914	6.083607	13	
2676	4.606843	9.239024	40	
2677	6.281073	12.621564	86	
2678	4.105908	3.403555	30	
2679	6.036070	13.211433	20	
2680	7.793091	9.560553	79	
2681	3.644449	5.283996	22	
2682	4.782911	8.359684	70	
2683	1.270997	5.170059	22	
2684	8.167363	14.437585	57	
2685	5.910090	7.157158	68	
2686	5.550711	9.428744	13	
2687	3.895763	8.300472	21	
2688	6.997662	14.764364	69	
2689	6.350182	9.895961	63	
2690	7.183372	12.515402	85	
2691	7.277722	12.833874	22	
2692	3.125426	4.691386	33	
2693	7.400385	14.499056	87	
2694	3.913220	4.628996	15	
2695	10.436573	17.337688	89	
2696	7.797092	14.164523	100	
2697	6.399568	8.434223	7	
2698	6.222684	12.869392	11	
2699	5.768931	9.002267	77	
2700	5.776912	11.924314	18	
2701	2.700169	4.022542	11	
2702	8.738333	15.389506	6	
2703	3.944872	9.776845	58	
2704	8.863146	15.900269	21	
2705	6.995970	11.426931	2	
2706	7.665607	8.417767	53	
2707	4.744921	7.382227	84	
2708	9.730955	15.903365	48	
2709	1.165640	4.790434	48	
2710	3.973097	3.962253	23	
2711	5.710703	11.686074	83	
2712	6.240866	13.306688	81	
2713	6.258985	7.055784	25	
2714	3.823514	6.936617	73	
2715	6.222684	12.869392	8	
2716	7.334212	12.448985	68	
2717	4.863900	5.437014	73	
2718	6.659148	9.157999	48	
2719	4.841654	5.675923	85	
2720	5.419139	10.597541	86	
2721	7.785611	9.184866	75	
2722	3.787293	10.373124	91	
2723	4.415992	6.103132	82	
2724	6.083090	9.744452	78	
2725	4.023622	8.561762	92	
2726	4.262547	7.573723	58	
2727	7.575007	9.193943	82	
2728	6.521659	12.732611	96	
2729	3.628302	7.670434	64	
2730	8.391567	16.306512	65	
2731	6.523175	13.059854	64	
2732	4.560925	9.811530	14	
2733	5.848320	8.383150	27	
2734	4.938136	6.823164	75	
2735	9.622985	15.954364	50	
2736	4.915098	8.915880	35	
2737	3.694445	4.107401	2	
2738	5.341106	10.016195	68	
2739	5.769359	12.806791	58	
2740	5.646856	10.226246	25	
2741	4.947038	10.495468	54	
2742	7.769553	15.115135	38	
2743	5.305713	11.751668	39	
2744	10.150918	17.110041	16	
2745	6.091702	12.989985	40	
2746	5.478472	5.631085	18	
2747	7.423840	12.520692	72	
2748	7.028224	8.918782	57	
2749	5.338823	9.996325	15	
2750	8.378358	10.025863	62	
2751	5.594292	11.066794	8	
2752	4.658012	6.552846	79	
2753	5.191350	11.086705	92	
2754	8.207141	15.112256	84	
2755	2.419782	5.484448	43	
2756	9.051587	16.113506	37	
2757	7.043338	14.751779	43	
2758	6.483452	12.884654	42	
2759	7.275614	8.571255	52	
2760	1.599869	5.629465	2	
2761	2.398650	4.299256	60	
2762	8.045732	13.056836	31	
2763	5.053854	13.162396	100	
2764	7.781087	12.517130	49	
2765	4.440103	7.317944	76	
2766	4.250186	7.903769	36	
2767	4.099821	10.585439	82	
2768	7.552211	7.693656	34	
2769	5.639686	6.619173	82	
2770	4.112728	5.771796	44	
2771	4.714744	9.433815	86	
2772	3.666561	7.010179	65	
2773	5.250902	11.223480	82	
2774	8.358660	16.851366	11	
2775	5.883363	6.485395	35	
2776	5.778342	11.675685	40	
2777	5.899379	9.030971	12	
2778	7.600204	15.000037	74	
2779	10.884706	17.484249	97	
2780	7.052739	12.602888	34	
2781	1.294995	4.660281	25	
2782	4.784994	7.308560	77	
2783	6.602205	11.298492	7	
2784	4.948742	10.098727	35	
2785	6.404772	10.220773	31	
2786	5.571418	6.814525	30	
2787	6.126148	8.672471	7	
2788	3.881079	4.355561	49	
2789	6.090433	11.698995	67	
2790	5.710703	11.686074	20	
2791	8.393642	16.263815	85	
2792	4.822983	7.546954	43	
2793	4.133925	8.896764	8	
2794	3.573985	7.791747	59	
2795	4.623970	9.857987	42	
2796	8.770617	16.901429	80	
2797	5.848838	10.161408	91	
2798	8.368470	16.241371	51	
2799	3.927681	9.998045	77	
2800	7.444572	6.647345	46	
2801	4.176278	7.474835	92	
2802	5.093573	8.972524	80	
2803	3.633025	7.740756	22	
2804	6.172039	7.221352	84	
2805	2.380431	4.992793	44	
2806	5.139161	12.665821	34	
2807	6.857460	13.307349	11	
2808	9.151410	16.284836	72	
2809	4.465471	8.711395	66	
2810	6.791709	7.596802	48	
2811	4.626911	10.305853	84	
2812	4.914172	5.479281	4	
2813	2.998403	5.464920	2	
2814	4.895721	6.585281	56	
2815	7.741346	11.799931	22	
2816	3.934472	5.322549	92	
2817	6.530019	6.354913	4	
2818	7.331072	12.541305	28	
2819	8.615006	15.262138	49	
2820	2.436633	4.531886	79	
2821	7.752952	15.261698	100	
2822	6.037395	8.509086	22	
2823	5.399359	8.233634	57	
2824	5.025552	8.138574	15	
2825	6.574541	9.893374	98	
2826	4.715264	10.009833	35	
2827	4.492401	8.206252	2	
2828	8.255252	14.396465	75	
2829	2.503377	4.959054	95	
2830	5.289476	13.058675	3	
2831	6.399666	9.422662	54	
2832	6.833621	8.108655	57	
2833	6.312352	12.793565	11	
2834	7.206406	9.164640	22	
2835	3.980941	9.946644	67	
2836	6.387411	11.856308	48	
2837	5.628445	3.822856	75	
2838	6.550118	9.424933	53	
2839	6.593339	10.405882	49	
2840	3.980007	4.251199	74	
2841	3.744080	6.752160	70	
2842	5.123717	5.593618	23	
2843	6.652086	8.690940	81	
2844	1.490342	4.942223	21	
2845	6.614479	6.296136	80	
2846	6.537916	12.650979	49	
2847	8.385669	15.840133	90	
2848	3.953498	7.204235	99	
2849	5.186652	8.361015	57	
2850	5.522391	12.028744	68	
2851	1.344002	4.934855	77	
2852	6.546164	13.403324	18	
2853	7.334402	12.462184	13	
2854	4.538823	8.661805	65	
2855	5.724639	6.235666	83	
2856	6.774231	7.327969	27	
2857	5.284350	8.975987	80	
2858	4.710441	6.691525	98	
2859	8.093694	5.922501	61	
2860	3.515550	8.036919	64	
2861	5.725016	9.077824	39	
2862	7.200672	7.966374	93	
2863	6.737183	8.121594	91	
2864	5.901539	12.216691	59	
2865	4.461617	8.003670	81	
2866	5.907067	13.533663	53	
2867	4.953315	10.854226	95	
2868	3.914023	9.034764	69	
2869	8.621992	17.253157	91	
2870	3.953498	7.204235	36	
2871	5.810893	8.450284	76	
2872	4.079354	3.919479	67	
2873	5.846342	10.017853	31	
2874	7.783148	15.556078	64	
2875	6.516146	9.211605	24	
2876	7.473330	12.050723	61	
2877	3.969038	10.255952	11	
2878	1.073660	4.798525	94	
2879	1.861796	5.659951	26	
2880	4.978930	9.190341	50	
2881	4.158767	7.868244	61	
2882	5.328812	5.530888	30	
2883	4.409397	8.822770	6	
2884	5.351555	11.689298	82	
2885	4.442212	8.620104	17	
2886	5.256382	10.888516	99	
2887	6.850261	7.446245	91	
2888	4.276132	7.965534	75	
2889	6.870657	3.969440	50	
2890	6.853546	9.852850	89	
2891	6.160450	9.707667	15	
2892	6.987837	12.796074	68	
2893	7.971146	15.157787	40	
2894	3.051622	6.298862	22	
2895	6.886855	13.034136	81	
2896	6.912610	9.902989	84	
2897	4.762952	9.604395	24	
2898	5.074311	10.892775	91	
2899	4.228172	9.975054	93	
2900	10.593614	17.684558	14	
2901	3.505248	2.625227	90	
2902	6.644306	9.507805	23	
2903	7.521114	8.711027	25	
2904	4.427893	10.146836	14	
2905	6.710821	9.807782	25	
2906	7.149974	13.589144	61	
2907	6.616183	8.096311	7	
2908	7.692503	15.427314	9	
2909	3.173767	4.497467	15	
2910	6.570582	12.531870	70	
2911	9.437768	15.186364	60	
2912	3.902712	7.701944	6	
2913	8.027376	14.358659	80	
2914	5.355454	12.082293	45	
2915	4.845842	12.399055	38	
2916	7.922944	15.366795	85	
2917	5.551712	9.741814	37	
2918	6.743593	9.810522	76	
2919	5.298852	11.567565	68	
2920	6.364043	8.993196	44	
2921	3.884661	4.173748	50	
2922	4.836172	9.331104	52	
2923	3.515550	8.036919	41	
2924	5.390465	12.959113	65	
2925	4.913273	10.922215	26	
2926	3.431285	4.032672	13	
2927	5.456814	7.225047	10	
2928	5.419139	10.597541	73	
2929	3.783428	6.955835	10	
2930	3.890252	8.115304	57	
2931	4.400187	7.396596	56	
2932	7.718574	11.981083	8	
2933	7.616893	14.881712	80	
2934	4.948742	10.098727	85	
2935	4.406751	7.259654	68	
2936	0.961548	5.185075	12	
2937	6.878978	6.459150	37	
2938	5.213280	7.971183	9	
2939	4.217831	9.631058	71	
2940	6.638699	14.728708	100	
2941	3.363758	4.340634	21	
2942	4.189196	8.500310	25	
2943	6.208453	8.406465	49	
2944	4.396777	6.962917	26	
2945	4.342749	9.809644	67	
2946	5.934721	10.038364	44	
2947	4.992793	7.149824	94	
2948	7.346237	15.497013	79	
2949	8.621769	6.728124	43	
2950	4.387252	6.883854	97	
2951	8.127351	5.952860	25	
2952	8.725252	15.387849	97	
2953	5.448851	12.353765	84	
2954	7.200672	7.966374	43	
2955	4.629971	9.102754	55	
2956	3.412615	4.670157	47	
2957	2.645316	5.026609	79	
2958	5.256382	10.888516	23	
2959	4.616600	6.010921	97	
2960	8.724163	15.926096	55	
2961	5.091779	6.855666	80	
2962	4.550191	10.805154	15	
2963	3.356113	3.595792	95	
2964	3.478408	5.638154	96	
2965	7.140962	9.719525	53	
2966	4.398002	10.182224	80	
2967	8.094999	11.224803	6	
2968	4.333871	8.463034	21	
2969	6.696382	9.223238	61	
2970	5.657831	9.896266	1	
2971	6.945989	8.840071	56	
2972	4.575410	7.397016	20	
2973	6.308686	7.546184	8	
2974	8.394957	12.830226	82	
2975	7.016016	14.530175	45	
2976	6.091524	6.250555	83	
2977	6.776470	7.501824	15	
2978	3.334859	4.213938	5	
2979	5.980131	8.913254	69	
2980	7.270003	14.055494	26	
2981	3.125426	4.691386	65	
2982	2.025208	5.215015	48	
2983	4.823851	8.444604	79	
2984	6.258033	10.296365	87	
2985	4.959480	13.204627	89	
2986	5.550242	12.315996	47	
2987	6.853904	13.144510	93	
2988	3.448639	4.304962	52	
2989	5.169363	7.474364	62	
2990	6.662070	11.671593	53	
2991	5.958482	8.943114	36	
2992	4.281418	8.913943	7	
2993	5.589428	12.774795	25	
2994	7.576537	15.542632	43	
2995	6.690198	4.292948	57	
2996	2.723944	4.459547	50	
2997	4.470329	6.948917	59	
2998	5.700803	12.573725	68	
2999	4.904958	8.259947	30	
3000	4.945580	6.626007	41	
