3000	1000	99999999999	
0	8.523999	6.329954	0
1	5.442685	5.089051	72
2	8.415324	8.973834	62
3	2.672527	6.825948	41
4	4.800675	1.838390	10
5	6.125275	8.197975	22
6	5.105233	2.391955	89
7	5.031226	7.586037	17
8	5.138309	8.143882	41
9	12.500937	4.794776	54
10	2.694743	6.192558	92
11	4.446937	8.134952	16
12	5.140470	6.938204	68
13	8.386920	7.342259	95
14	4.638735	8.680549	41
15	5.005492	5.366690	41
16	6.348813	8.256599	8
17	8.461445	7.983532	96
18	6.053295	9.007515	54
19	5.827545	7.145414	48
20	11.849134	4.624398	7
21	7.082354	8.119139	19
22	5.755793	8.196651	5
23	5.415155	4.915206	25
24	5.270830	6.973827	49
25	4.610767	4.980572	76
26	8.614521	8.707916	97
27	5.179931	6.800183	70
28	7.848866	5.889236	43
29	6.510445	6.952595	54
30	7.941428	6.291099	68
31	7.678561	6.769751	80
32	3.170933	6.978119	69
33	4.900101	3.614287	29
34	4.549475	8.255462	81
35	3.884444	8.588581	83
36	5.213463	7.693891	59
37	6.179880	9.259182	20
38	8.290275	8.700379	65
39	8.400682	6.194229	89
40	8.554632	6.558650	82
41	6.104567	8.081622	38
42	6.723272	7.390284	5
43	4.936411	1.561237	9
44	4.471513	2.643764	46
45	6.839421	6.804571	99
46	4.440499	7.678896	97
47	5.260525	3.989563	71
48	8.357952	8.965523	47
49	5.259465	6.865826	3
50	5.570589	9.129262	66
51	8.952414	6.657350	39
52	6.914553	6.863714	36
53	6.432228	8.029651	69
54	5.168261	1.342611	8
55	7.260145	7.627026	36
56	7.851694	7.346667	37
57	8.721224	8.161017	37
58	2.053657	6.025098	70
59	8.171042	7.879086	12
60	5.250509	7.706473	78
61	7.152037	6.610522	46
62	6.203231	8.182640	14
63	4.810149	7.573055	2
64	4.191243	7.910899	90
65	7.734710	8.056276	23
66	6.120626	6.790010	49
67	6.608326	8.470957	8
68	5.012689	8.832970	42
69	6.641220	9.582067	30
70	7.979917	6.803558	57
71	5.729078	7.577343	52
72	5.360947	9.624305	94
73	5.140589	8.797549	92
74	8.028223	7.719749	45
75	7.393583	8.209749	42
76	7.326478	8.301370	58
77	6.138190	8.106553	22
78	8.055204	7.264785	16
79	8.274535	7.665787	12
80	4.942672	1.406406	3
81	5.998702	7.888449	23
82	8.056961	7.870775	98
83	7.759188	7.379306	18
84	5.082528	2.746747	76
85	7.128867	7.442313	96
86	5.164104	3.375667	61
87	6.001999	8.215648	89
88	6.157347	4.028575	92
89	5.097119	5.852463	71
90	6.051034	8.913435	80
91	5.906788	4.599631	13
92	6.183413	9.044591	22
93	6.172730	8.816747	49
94	6.318228	8.679638	73
95	5.135992	2.460255	6
96	7.710926	6.922950	53
97	6.914553	6.863714	81
98	6.130157	9.879946	96
99	4.716108	8.299990	84
100	7.667789	8.788231	51
101	12.758684	3.785482	26
102	2.535269	6.210182	4
103	4.837248	8.431475	92
104	7.029726	6.425977	74
105	5.001330	5.582628	2
106	7.187674	7.585377	41
107	3.824013	9.771445	78
108	8.170357	7.697310	30
109	13.420765	4.115264	5
110	5.843346	6.783881	65
111	5.572766	6.941054	16
112	12.503224	4.513405	41
113	9.006197	6.119773	99
114	4.942190	1.816551	46
115	3.797760	9.948440	36
116	5.074292	5.581440	85
117	4.799461	9.692293	38
118	12.626373	3.112374	88
119	6.316474	7.969432	22
120	6.512281	9.361494	85
121	2.478496	6.830667	73
122	3.701633	8.543146	47
123	6.256876	6.794436	45
124	5.118169	9.082880	35
125	5.920457	8.300345	21
126	2.050639	6.149656	89
127	2.089028	7.053692	26
128	5.103658	9.194085	77
129	5.281732	8.222046	97
130	7.826223	6.474659	23
131	5.129015	8.425847	45
132	11.912528	4.276184	97
133	13.304417	4.016403	50
134	4.990594	3.031086	78
135	5.293920	5.182906	55
136	3.701633	8.543146	79
137	4.457765	8.669325	99
138	4.692918	1.727177	75
139	1.778302	5.709514	41
140	7.654812	6.212590	45
141	8.226758	8.992443	16
142	7.587010	6.420339	15
143	5.457414	8.054481	65
144	7.553275	8.165958	23
145	5.968497	8.153243	51
146	4.956160	7.681158	50
147	1.969470	6.158509	69
148	5.321621	8.758930	28
149	6.238586	4.257303	44
150	5.439574	9.008543	32
151	8.248894	6.345193	7
152	8.333463	8.884754	13
153	6.909829	6.914063	64
154	5.277699	9.132390	31
155	5.156962	9.309693	50
156	6.971446	7.973850	34
157	8.058971	7.520339	7
158	8.734976	8.238950	50
159	7.480827	7.592541	77
160	7.160854	6.790850	9
161	12.786162	3.798887	37
162	8.649620	6.354370	28
163	12.492256	4.752857	17
164	5.113264	9.116763	60
165	5.375581	8.475048	72
166	5.180082	8.390011	15
167	5.573392	3.448837	5
168	5.100657	5.095441	71
169	5.758647	3.767040	83
170	8.178944	8.720671	36
171	3.778570	7.724177	29
172	7.987910	9.311532	7
173	6.156156	9.292820	51
174	12.336829	4.784239	73
175	5.232839	2.905730	35
176	9.200308	6.492319	21
177	6.076725	7.748946	38
178	2.652630	6.745756	17
179	4.984827	8.805432	16
180	5.091443	9.397051	12
181	5.532162	5.122324	12
182	6.205781	9.116376	23
183	6.890005	9.001311	26
184	4.048456	9.778438	34
185	2.033600	6.006210	83
186	5.200421	6.658251	82
187	8.138930	8.185533	89
188	6.348071	9.547616	11
189	6.417048	5.114321	57
190	4.944705	8.230468	22
191	7.191422	6.763007	95
192	5.888499	9.341635	33
193	2.524034	6.261701	25
194	8.560492	6.674019	7
195	11.530930	5.055487	65
196	5.043028	8.928452	17
197	0.658174	7.949790	89
198	8.638786	6.810762	31
199	3.839621	8.725108	73
200	7.208448	8.991008	68
201	3.632238	8.534326	7
202	6.638999	8.119889	6
203	7.380001	6.793914	70
204	6.855034	7.773069	91
205	4.591747	2.800710	39
206	8.796766	8.544937	36
207	5.989891	8.258469	85
208	7.826223	6.474659	63
209	10.898941	5.556998	45
210	7.742424	6.898554	32
211	8.724246	7.227732	74
212	7.396389	7.705485	64
213	5.999907	9.237548	18
214	3.765489	9.333962	65
215	6.059484	7.987130	76
216	5.777107	3.651575	51
217	5.242188	6.089946	22
218	8.065603	5.647911	37
219	6.280237	6.774771	61
220	8.341004	7.146439	66
221	6.444215	4.820725	3
222	8.130616	6.167926	39
223	6.513791	9.449055	58
224	5.941498	7.560899	72
225	5.850902	3.703578	18
226	4.775615	7.583848	77
227	4.371152	9.269000	67
228	5.285331	5.266518	17
229	7.558531	7.036611	82
230	6.914577	6.817277	49
231	6.591460	7.490092	96
232	5.786205	4.909501	96
233	5.542515	7.348384	36
234	6.436377	7.995041	73
235	4.559814	2.900996	31
236	5.174300	9.056108	22
237	11.522030	5.072279	96
238	6.998783	7.373308	88
239	8.635351	6.413464	51
240	4.988127	1.439575	38
241	8.747096	7.247811	80
242	8.435937	7.537617	9
243	8.184548	9.320250	88
244	4.760630	1.829537	15
245	2.547464	6.604219	83
246	5.414467	7.968890	79
247	8.795365	6.762686	99
248	5.332409	7.687343	6
249	6.015637	6.422112	82
250	7.465071	6.835626	9
251	12.592426	4.450918	87
252	6.086661	7.978882	78
253	5.535897	10.105901	52
254	6.025427	3.856249	21
255	5.069041	8.255696	79
256	7.083740	9.173588	62
257	7.835732	7.895707	66
258	5.352119	7.087037	90
259	7.039480	6.750220	14
260	8.491526	8.207864	26
261	4.515868	2.765281	46
262	13.712130	4.544949	77
263	4.349493	2.278385	4
264	4.787727	1.671991	70
265	11.619449	4.521951	73
266	13.385903	4.010897	57
267	5.003720	2.053423	43
268	7.476713	8.651843	44
269	8.108471	8.023400	74
270	7.977908	7.533728	74
271	4.201777	2.214914	35
272	8.369321	6.381334	20
273	5.058278	8.874558	52
274	5.132456	8.045470	79
275	9.165518	5.980376	84
276	2.417552	6.316333	38
277	5.043138	5.366714	80
278	4.851806	1.798167	46
279	1.695984	7.116346	79
280	5.947914	6.833318	58
281	4.443429	6.184020	82
282	7.341496	7.724831	70
283	7.894596	8.741296	75
284	5.622535	4.051098	96
285	5.640249	3.113708	54
286	8.823734	8.584416	9
287	9.267966	8.004274	73
288	6.425368	7.705276	60
289	5.729078	7.577343	88
290	5.795541	7.910339	63
291	6.914577	6.817277	46
292	7.364597	6.300110	77
293	5.312626	6.998897	20
294	5.063254	8.446408	53
295	5.479992	8.329479	33
296	8.156119	7.208949	84
297	8.017152	9.352369	71
298	7.587357	8.983794	29
299	5.871124	7.689966	14
300	5.334213	8.897028	63
301	8.293636	8.185799	34
302	5.164104	3.375667	34
303	5.626503	3.591614	26
304	5.002373	8.727375	4
305	6.705054	7.748672	100
306	4.919489	3.625225	35
307	4.694533	1.637616	22
308	5.181466	3.289686	69
309	5.311976	2.843578	47
310	6.133249	7.370638	2
311	5.366529	1.599006	81
312	5.025866	2.960131	79
313	4.406664	1.567649	32
314	5.961801	4.143992	78
315	4.919489	3.625225	31
316	5.339080	8.764914	43
317	5.381588	8.346736	9
318	8.613821	8.026770	20
319	6.301566	8.320955	98
320	6.311678	5.068641	93
321	4.366482	9.361007	82
322	8.488530	7.783695	48
323	7.632682	6.708459	19
324	5.503400	3.704538	8
325	4.511092	7.803815	100
326	4.767031	1.800679	64
327	5.330946	4.263453	35
328	13.490438	3.932058	43
329	8.095854	7.234350	78
330	8.949322	8.555970	29
331	4.529904	7.875339	35
332	7.541804	6.561968	31
333	5.313620	3.404565	12
334	4.909488	7.292978	83
335	2.033600	6.006210	100
336	11.843148	4.724217	22
337	5.835562	7.551835	83
338	6.168691	7.301840	43
339	8.611742	7.595869	29
340	9.034798	6.469149	40
341	6.215364	9.899704	7
342	5.309958	8.485103	4
343	6.030973	9.111329	87
344	5.567304	7.281071	22
345	12.615962	3.283811	27
346	7.683462	7.585881	99
347	5.023844	8.858006	21
348	5.794674	3.580028	14
349	6.383746	6.773962	77
350	5.065016	7.649690	32
351	6.129369	9.145078	14
352	2.562930	6.123480	54
353	7.106065	7.618717	27
354	7.539027	7.594724	78
355	6.269224	7.981488	100
356	7.216444	7.563748	7
357	7.022164	9.555944	57
358	8.583429	5.845978	47
359	4.063294	2.090598	66
360	3.595001	10.173938	86
361	12.581474	4.237241	62
362	6.255216	8.076691	75
363	7.635500	7.623968	97
364	8.545052	7.191345	11
365	6.871545	8.804834	21
366	13.172464	3.528898	63
367	8.373133	5.822424	87
368	4.042047	7.890954	77
369	5.305737	1.576714	21
370	5.647489	9.028086	96
371	5.226425	1.681953	65
372	5.961801	4.143992	24
373	5.176952	7.723381	57
374	12.690585	4.538998	13
375	9.300640	6.675078	80
376	5.580931	1.005593	42
377	5.038257	7.575230	49
378	2.659112	6.682122	6
379	5.868598	4.717646	32
380	6.545554	4.315177	80
381	5.576305	7.186503	81
382	4.762666	6.746002	24
383	5.979376	8.295234	6
384	6.522340	8.890380	29
385	6.587968	6.962218	40
386	4.479188	1.668951	73
387	8.383668	6.914851	8
388	3.692942	10.132436	40
389	7.967079	6.384707	75
390	4.864964	9.674413	96
391	5.498169	6.984370	39
392	5.451598	8.955339	90
393	8.635726	7.577951	8
394	6.585344	7.114031	71
395	5.246337	3.979593	52
396	5.540240	4.122760	61
397	6.983313	6.856935	60
398	9.097805	6.495459	94
399	7.730646	6.427376	89
400	7.353183	7.459997	81
401	6.504839	9.355390	66
402	13.061226	3.847527	33
403	8.073754	6.847175	12
404	4.979221	1.754379	80
405	9.468982	6.290055	14
406	4.280543	7.971765	87
407	5.031903	8.391551	50
408	8.663948	8.662913	46
409	6.165719	7.902834	1
410	8.245767	7.356144	34
411	2.670624	6.577097	89
412	5.687255	7.270478	44
413	12.077742	4.423055	25
414	5.798102	3.839298	87
415	9.226851	6.292939	13
416	5.990413	6.741766	87
417	7.950943	8.817615	56
418	4.855894	2.105649	37
419	7.438593	6.309592	60
420	13.380613	3.891980	35
421	6.348808	7.951336	20
422	5.209913	9.112554	70
423	7.970453	9.039574	44
424	4.583414	8.872186	10
425	8.500976	8.921908	2
426	6.330702	8.086068	45
427	6.131837	9.334152	38
428	7.993472	8.988580	13
429	8.052406	7.753777	75
430	4.735357	4.333070	80
431	5.238054	8.411381	75
432	5.378590	6.701241	70
433	8.913416	6.176667	32
434	2.502825	7.293022	68
435	6.536282	7.667751	55
436	5.020001	8.618311	81
437	4.864964	9.674413	4
438	4.945603	4.513987	15
439	9.326939	6.209270	98
440	6.333925	8.062662	93
441	12.597047	4.687058	7
442	6.504839	9.355390	9
443	4.735357	4.333070	8
444	6.221361	9.170322	33
445	3.739173	9.477959	74
446	7.807357	7.350809	2
447	6.076849	8.722666	22
448	7.561963	7.618754	65
449	8.707873	6.258197	39
450	5.979376	8.295234	52
451	9.122151	8.838946	62
452	4.943989	5.804063	91
453	4.649027	4.074902	77
454	7.456792	6.738075	75
455	5.416671	7.121245	47
456	5.430058	8.504365	10
457	5.916460	6.742625	20
458	7.249343	7.875447	36
459	5.059632	8.699247	99
460	7.558548	6.491176	22
461	7.923818	5.854802	99
462	5.944979	7.859579	34
463	3.781257	10.094934	8
464	8.431241	7.890684	52
465	9.024952	8.653551	32
466	12.613904	4.342745	82
467	4.008960	2.225514	71
468	8.663014	8.907328	20
469	3.645874	10.331929	23
470	5.738897	3.561712	54
471	5.533623	7.643847	41
472	8.452764	5.894933	17
473	8.784355	6.790663	28
474	6.144504	8.060740	19
475	5.589983	3.262759	41
476	7.450166	7.732336	71
477	8.398675	7.312804	52
478	6.767758	7.542973	61
479	4.010580	9.641445	61
480	2.299318	6.490607	73
481	1.982655	6.247677	46
482	3.765489	9.333962	29
483	6.384346	10.123606	90
484	7.720896	7.099321	2
485	6.859275	7.475289	35
486	5.454008	4.095366	10
487	3.209580	6.727105	98
488	4.363239	7.768598	91
489	6.127844	9.277402	98
490	8.915453	6.580697	76
491	8.266627	7.405962	2
492	7.310581	7.407987	78
493	3.529356	8.785853	90
494	4.937228	1.868013	29
495	4.970991	7.042248	36
496	6.047883	7.801331	99
497	2.707539	6.864914	23
498	4.868608	2.709519	22
499	6.974058	6.722117	26
500	8.413655	6.962287	89
501	7.531377	8.315388	92
502	4.383398	6.173522	93
503	5.193039	7.820676	45
504	4.927498	6.012081	88
505	7.333597	6.654919	40
506	8.367787	6.479093	53
507	5.759580	3.836398	84
508	5.714572	7.733975	41
509	6.142975	6.832717	75
510	7.712650	7.322442	18
511	12.589035	4.246155	51
512	6.727580	7.111399	41
513	3.588639	8.266388	92
514	6.389447	8.840062	11
515	8.030308	7.849954	83
516	5.998646	4.636032	24
517	6.933264	9.379564	37
518	5.631846	3.063805	29
519	2.501493	6.046070	84
520	8.059121	9.036657	36
521	4.591747	2.800710	47
522	7.698367	9.316082	64
523	2.133069	7.046893	29
524	5.612963	3.424275	64
525	8.522919	8.020973	80
526	4.961294	7.570560	26
527	5.852191	7.082450	59
528	8.327778	8.028452	81
529	6.437753	9.185892	73
530	5.897218	3.893244	36
531	7.403856	6.664524	94
532	6.439675	8.847398	7
533	7.809209	7.924215	16
534	3.758661	8.867895	46
535	6.843482	8.054884	2
536	5.540240	4.122760	29
537	4.925832	6.971875	73
538	4.234100	1.526693	35
539	6.382654	5.128293	76
540	4.389857	9.291938	57
541	4.906836	4.952251	18
542	5.994708	8.628134	63
543	2.912334	6.227401	73
544	6.839421	6.804571	12
545	4.498944	2.836199	95
546	4.709659	8.321549	96
547	4.255248	1.948145	80
548	2.064027	6.084452	39
549	5.278217	8.579086	92
550	5.394445	4.625322	52
551	8.163539	7.335739	71
552	5.060118	2.620917	52
553	4.041832	7.816459	73
554	8.153348	8.069493	99
555	5.178990	4.810074	40
556	8.652236	7.439306	12
557	5.743166	7.680639	88
558	7.798284	6.578492	84
559	8.957005	6.739327	14
560	5.301335	9.610459	98
561	5.158441	5.094836	3
562	6.980696	7.737163	82
563	8.443426	6.418736	36
564	5.026369	3.673093	73
565	4.823734	9.313027	40
566	4.830011	8.680207	54
567	4.977798	1.538176	70
568	4.816993	8.537000	39
569	4.944705	8.230468	16
570	7.141924	7.347948	9
571	8.091337	7.049820	13
572	4.456647	8.848755	89
573	6.007503	8.895419	45
574	4.875959	7.008693	74
575	5.411137	7.899313	41
576	6.135841	9.744155	95
577	7.252213	6.778533	44
578	7.996878	8.012977	56
579	6.502578	8.461063	42
580	6.030406	8.649626	69
581	6.042347	6.734304	98
582	3.664789	8.583570	23
583	6.229856	9.068034	48
584	6.384921	7.097032	96
585	8.234724	8.030936	65
586	9.091606	8.139793	14
587	5.515159	3.358585	75
588	5.622234	0.786615	2
589	6.917462	6.969343	14
590	7.437566	8.033945	14
591	5.806681	3.790640	34
592	5.680713	7.363150	90
593	8.132778	6.451964	33
594	5.699405	10.005290	27
595	8.222223	7.489269	47
596	5.466528	7.512193	63
597	4.976616	2.762557	91
598	4.898268	7.011631	59
599	12.022004	4.695866	91
600	2.361328	6.299706	21
601	4.979823	1.516855	82
602	6.858682	6.518409	62
603	8.129009	8.285003	28
604	6.052524	7.677131	14
605	6.415086	9.598323	73
606	4.746473	2.867437	5
607	0.620492	7.775066	69
608	4.996600	8.343599	15
609	8.491526	8.207864	20
610	5.079964	7.745919	62
611	7.951166	7.961184	64
612	3.484376	10.085945	91
613	5.215281	2.875348	75
614	3.645874	10.331929	8
615	4.375981	8.397394	54
616	7.084672	8.796707	1
617	6.508376	8.333265	80
618	4.339443	8.851980	38
619	5.432944	3.370840	89
620	5.842471	8.061916	67
621	8.495141	6.655309	29
622	4.974823	2.699083	23
623	6.001764	8.570437	40
624	5.900597	6.949037	23
625	4.748297	5.400507	42
626	6.330702	8.086068	74
627	5.986416	7.298793	90
628	4.599557	8.040324	95
629	6.914094	7.032731	73
630	4.861330	3.807064	57
631	2.391417	6.345251	79
632	6.371624	4.571598	71
633	5.067454	7.360774	50
634	7.655492	7.452477	62
635	8.435937	7.537617	25
636	5.373438	4.913996	42
637	6.724760	8.646062	89
638	5.013885	9.099445	69
639	6.594492	7.531905	70
640	8.399054	8.439888	66
641	9.036549	6.393447	55
642	4.786230	2.838953	66
643	13.201152	3.561302	81
644	4.452990	8.309860	83
645	6.705314	6.790493	38
646	8.988162	6.491122	91
647	4.912957	2.780547	34
648	8.183684	8.241959	11
649	6.789068	9.394023	77
650	6.235215	7.021757	57
651	5.746025	3.721591	36
652	12.270303	4.344515	100
653	4.898854	2.961337	19
654	9.334028	6.254857	87
655	5.940970	6.754833	72
656	8.399054	8.439888	40
657	2.196165	6.160704	28
658	8.072247	6.662705	95
659	5.451518	8.220419	65
660	6.221472	6.815438	70
661	6.619279	7.251791	98
662	6.511986	8.646632	35
663	6.869387	9.630137	35
664	5.292283	7.225306	98
665	4.725158	9.712334	14
666	6.231477	7.976523	80
667	4.651748	3.811243	28
668	12.354957	4.772817	81
669	5.289366	7.299246	33
670	8.708549	8.272414	65
671	8.195327	7.170121	49
672	8.311836	7.693189	57
673	5.333188	8.762895	96
674	5.988748	3.813566	51
675	6.723189	9.560918	15
676	8.357952	8.965523	7
677	6.675632	7.734862	73
678	7.480509	7.096986	74
679	2.625356	6.897085	44
680	8.487582	6.721826	27
681	4.937443	5.170380	78
682	8.677467	6.285548	79
683	6.497637	8.200101	5
684	4.414996	1.781821	83
685	8.769351	8.309617	62
686	8.432016	7.703596	16
687	5.422917	8.037766	85
688	7.414289	7.772607	22
689	8.248204	6.461861	31
690	4.856580	8.358465	90
691	9.188626	8.570888	59
692	12.903440	4.204980	35
693	4.610767	4.980572	76
694	8.100037	8.944833	50
695	8.068618	7.017832	72
696	4.196076	8.409811	38
697	8.638955	8.380026	51
698	5.957833	9.724589	58
699	6.909829	6.914063	62
700	7.882961	6.974587	92
701	8.849434	6.662600	45
702	2.369777	6.598733	50
703	4.945842	1.799249	62
704	7.248817	7.956385	66
705	3.948629	7.819325	99
706	4.957950	4.174195	95
707	7.921120	7.897314	36
708	9.064559	8.483274	9
709	4.444489	2.676995	39
710	5.348815	8.512057	61
711	7.867898	6.723548	78
712	6.495533	7.742458	40
713	6.917462	6.969343	65
714	7.593396	6.306350	3
715	6.722215	8.203912	18
716	2.505966	6.346563	78
717	9.334028	6.254857	57
718	8.218058	5.781768	25
719	12.575689	4.645240	22
720	4.940682	4.354931	79
721	5.861856	8.147022	75
722	6.378212	7.414347	43
723	6.339533	9.189898	42
724	5.421013	8.924617	51
725	5.163024	5.034935	27
726	2.083148	6.047195	41
727	6.960204	9.066674	57
728	6.014919	7.473587	23
729	2.196165	6.160704	84
730	6.333413	4.442777	46
731	7.865852	7.437669	22
732	5.547920	8.366711	15
733	6.427446	8.873770	20
734	7.326478	8.301370	7
735	2.014471	6.907710	43
736	4.801271	2.491317	33
737	5.587685	8.293791	15
738	3.645874	10.331929	13
739	6.082640	7.866151	50
740	8.476770	7.552225	51
741	6.832490	6.529907	41
742	7.922876	8.975400	72
743	5.659535	3.662685	84
744	8.209790	6.401656	7
745	7.325638	7.213711	39
746	8.837784	6.804371	48
747	7.185138	7.238204	43
748	5.309775	8.711015	23
749	5.057975	7.728471	33
750	7.758198	6.520854	73
751	6.101382	4.080885	16
752	5.906302	10.289692	97
753	7.940863	8.034461	55
754	6.572309	7.502843	91
755	13.006876	3.797492	35
756	5.567670	9.850063	63
757	8.414999	8.898507	22
758	8.885869	7.541140	47
759	5.082930	7.643147	12
760	6.722215	8.203912	9
761	5.735398	4.720327	15
762	8.045261	9.193448	83
763	2.083148	6.047195	56
764	4.864015	4.267844	26
765	5.923712	10.312747	50
766	12.668837	4.476959	13
767	6.636700	8.250752	78
768	8.475397	6.003087	56
769	9.097805	6.495459	98
770	6.149999	8.773131	78
771	7.795082	6.044949	65
772	7.270967	7.850421	14
773	7.604168	7.717807	95
774	5.032784	7.909848	39
775	3.922150	7.559557	29
776	8.474610	6.833289	22
777	5.025139	5.955758	13
778	6.638424	8.183607	39
779	7.212526	7.768284	23
780	5.663857	9.089513	31
781	7.896215	7.393234	83
782	8.633765	7.555506	17
783	7.024616	9.242222	92
784	5.502031	4.116871	69
785	12.586673	4.476621	73
786	8.153207	8.203006	9
787	4.435974	8.861779	76
788	5.561773	7.782525	31
789	8.910407	6.750092	45
790	5.886844	3.764875	94
791	7.998203	8.111400	46
792	6.142234	7.897073	35
793	14.144227	4.563042	14
794	8.442422	8.776113	70
795	4.973933	2.348101	3
796	5.003720	2.053423	24
797	9.068284	6.610710	34
798	6.693336	9.416166	56
799	7.615905	7.399936	9
800	5.977699	8.135442	71
801	13.278579	4.072334	86
802	4.456395	8.933700	2
803	5.064241	2.630610	33
804	7.135152	6.680147	9
805	4.818240	1.756823	11
806	5.189044	5.194440	11
807	7.644826	8.385506	50
808	7.224125	8.035088	14
809	7.720896	7.099321	91
810	8.543369	7.932438	70
811	6.888341	6.880672	9
812	4.377491	8.040879	77
813	9.247856	8.135330	14
814	5.079701	6.053428	51
815	8.079717	7.888376	58
816	12.996757	3.549564	34
817	5.083928	7.331402	92
818	6.393534	8.780971	16
819	4.918408	4.398209	2
820	5.806681	3.790640	30
821	5.835955	8.197433	86
822	14.217840	4.052353	51
823	6.569968	7.142829	45
824	5.699110	8.166535	20
825	6.215364	9.899704	93
826	12.597047	4.687058	70
827	9.058381	6.540246	44
828	5.316759	7.171340	52
829	8.082955	7.883506	78
830	6.190091	4.378990	3
831	5.093881	9.275024	78
832	7.305698	7.309819	42
833	4.967402	7.520041	97
834	9.181715	6.211612	14
835	8.560082	8.756699	43
836	8.608472	5.826254	17
837	8.422367	6.728707	9
838	4.452990	8.309860	35
839	5.474660	8.416648	26
840	8.333166	6.320640	40
841	5.286868	9.042213	81
842	5.756905	3.510121	85
843	4.935415	4.954526	43
844	8.522919	8.020973	95
845	8.502167	8.502564	28
846	13.373268	4.037252	56
847	8.256026	6.830559	86
848	8.470244	8.047270	47
849	7.802900	7.850633	23
850	7.921120	7.897314	28
851	9.527034	6.292196	23
852	7.905185	7.624014	58
853	8.378917	8.780008	88
854	8.744960	6.515641	57
855	2.321474	6.326677	83
856	5.114926	5.323808	64
857	5.540716	7.899875	88
858	5.698018	6.796631	12
859	7.055544	8.480580	93
860	6.175921	4.102469	56
861	5.693471	4.008667	69
862	5.528986	7.655443	30
863	6.022285	7.743205	94
864	5.451538	4.159328	51
865	6.445770	5.082536	94
866	6.956588	6.633595	18
867	8.724801	6.235925	59
868	7.432217	6.955100	77
869	8.610511	6.540418	40
870	5.360947	9.624305	89
871	4.518052	1.305577	52
872	5.445525	8.388049	98
873	13.078151	3.866371	58
874	11.939865	4.986712	65
875	6.391084	9.365817	90
876	9.187007	6.378337	51
877	8.202009	8.082029	56
878	8.862850	6.645290	15
879	6.262071	10.180663	66
880	2.298231	7.026780	4
881	5.633414	7.299847	5
882	4.749691	8.117261	77
883	5.640720	7.369274	65
884	8.002455	7.461433	85
885	6.159064	8.985675	3
886	6.238586	4.257303	2
887	1.591192	8.255372	79
888	3.657469	8.572683	66
889	3.219489	7.000002	94
890	4.549475	8.255462	17
891	6.038848	7.411497	83
892	5.906302	10.289692	98
893	4.830011	8.680207	75
894	7.039536	6.576937	68
895	5.264789	1.639121	32
896	13.302140	3.783148	98
897	5.999316	9.712874	53
898	8.644018	5.797551	60
899	5.213463	7.693891	27
900	5.383761	9.480956	70
901	5.175276	8.232856	72
902	5.016657	7.332065	2
903	7.824209	8.718188	13
904	12.510849	4.565242	23
905	4.817228	5.182471	37
906	5.108907	7.739148	5
907	5.190869	2.731435	82
908	6.899572	9.379193	37
909	6.896531	7.527797	90
910	8.410240	7.944902	38
911	7.998727	6.254310	56
912	4.986436	8.216969	39
913	4.093987	8.082503	58
914	3.958623	8.037976	76
915	8.120792	6.920494	21
916	11.733295	4.537817	96
917	8.451567	9.134813	9
918	4.144343	1.662401	27
919	6.808677	7.960993	29
920	7.683462	7.585881	11
921	5.886844	3.764875	65
922	5.610588	3.300212	14
923	13.178426	3.884293	84
924	7.006345	6.702784	78
925	5.579743	6.952498	5
926	8.184548	9.320250	45
927	2.483197	6.428378	20
928	13.142055	3.507871	63
929	7.858426	7.194438	58
930	5.343074	2.938791	46
931	7.690303	7.223627	41
932	13.264442	3.691400	82
933	4.952594	5.272403	46
934	1.154176	8.539718	17
935	8.879403	6.418735	95
936	6.348808	7.951336	32
937	4.935130	7.894102	89
938	6.355807	8.685684	6
939	6.131837	9.334152	52
940	12.632796	3.524725	83
941	7.336526	6.825232	36
942	5.556477	7.377700	51
943	4.864015	4.267844	17
944	8.421821	6.490326	93
945	5.321621	8.758930	74
946	5.969220	8.327061	46
947	13.206039	3.734400	72
948	7.416289	6.480672	81
949	2.361328	6.299706	31
950	4.859361	3.772605	60
951	6.476852	7.312813	27
952	5.312597	7.491408	3
953	11.939865	4.986712	78
954	5.760817	3.881294	14
955	8.161880	6.685711	10
956	5.695813	7.210442	86
957	7.374944	6.624869	67
958	5.430058	8.504365	77
959	8.183684	8.241959	68
960	7.913323	9.392403	90
961	5.098592	3.114841	21
962	5.974630	8.070430	72
963	6.496738	7.565451	40
964	5.699843	3.860858	89
965	12.716093	4.510871	87
966	5.004869	2.684825	22
967	5.947914	6.833318	6
968	6.370733	4.782665	92
969	6.126748	4.057333	35
970	8.973311	6.793538	12
971	8.633765	7.555506	5
972	8.718574	6.083360	42
973	2.611405	6.371747	38
974	4.983060	5.084729	9
975	4.350345	1.568588	30
976	8.060217	8.394475	90
977	6.567667	4.461174	62
978	5.209027	7.599090	72
979	8.163993	7.887057	5
980	4.526854	1.762859	39
981	6.681773	8.979128	18
982	5.135992	2.460255	49
983	5.031903	8.391551	82
984	6.284830	4.701338	59
985	5.195514	9.314662	33
986	6.272854	7.103733	70
987	8.927433	6.450085	49
988	7.731326	7.295699	64
989	3.456249	10.112444	39
990	6.054132	7.919323	36
991	6.041529	8.814465	78
992	6.289557	8.106954	11
993	11.614713	4.523993	73
994	6.482746	8.188481	25
995	7.835732	7.895707	79
996	8.122436	9.253664	37
997	5.508691	6.579032	14
998	8.670986	7.562781	36
999	8.197817	8.424660	100
1000	6.578703	8.676060	76
1001	4.928043	1.866031	58
1002	7.883465	7.884573	49
1003	5.651077	7.698072	28
1004	8.245955	9.371487	44
1005	12.398414	4.455949	28
1006	5.194649	5.074925	18
1007	5.113264	9.116763	39
1008	5.213831	6.294214	33
1009	6.531384	7.581713	12
1010	6.496738	7.565451	48
1011	9.006197	6.119773	37
1012	3.573161	9.976446	86
1013	5.534077	3.167437	64
1014	6.140894	7.286954	49
1015	8.902137	6.672705	15
1016	7.927453	7.917840	83
1017	8.519733	8.380700	55
1018	12.653609	4.323262	9
1019	5.080948	2.329226	32
1020	4.811454	7.444259	88
1021	7.977908	7.533728	57
1022	8.565429	5.984456	56
1023	2.611405	6.371747	78
1024	5.557493	7.944503	97
1025	4.990568	5.027398	64
1026	13.420765	4.115264	38
1027	6.570934	6.785958	61
1028	5.193039	7.820676	73
1029	7.252446	7.730303	99
1030	6.136486	9.821101	48
1031	12.651066	4.788951	19
1032	2.564998	6.536126	69
1033	4.008960	2.225514	75
1034	7.436033	6.414951	93
1035	8.512171	7.901255	72
1036	8.248038	8.019332	55
1037	7.029726	6.425977	14
1038	7.784370	8.683202	11
1039	6.470411	8.281544	76
1040	4.270133	8.176329	62
1041	5.973491	9.297976	82
1042	7.971780	9.337654	41
1043	8.090871	9.182189	52
1044	4.280603	7.763587	12
1045	9.164531	6.405852	59
1046	13.661847	3.805999	62
1047	7.766676	7.161284	7
1048	5.818354	3.724902	67
1049	4.221267	2.218067	41
1050	8.311830	8.426927	51
1051	6.792039	9.777091	75
1052	5.699405	10.005290	29
1053	5.351616	7.072444	27
1054	7.113508	9.131066	48
1055	7.474029	7.282192	42
1056	4.594068	2.929909	10
1057	6.026898	9.387172	49
1058	5.916890	7.910266	70
1059	4.789399	3.844332	9
1060	6.157347	4.028575	57
1061	8.409967	7.398299	51
1062	5.108160	9.156442	90
1063	5.283012	2.993870	25
1064	4.678519	2.114001	76
1065	6.800132	8.494671	68
1066	8.134041	7.653571	13
1067	5.056450	2.845839	88
1068	6.398755	8.897725	92
1069	8.399244	7.935441	50
1070	2.625914	7.227584	43
1071	8.222223	7.489269	42
1072	8.760331	6.300996	5
1073	5.235506	8.561659	24
1074	6.978979	6.617174	35
1075	6.002519	7.712844	40
1076	4.775615	7.583848	97
1077	6.493627	6.982624	50
1078	7.512366	6.523084	71
1079	4.025709	9.616945	36
1080	7.841365	7.942832	73
1081	13.234039	4.483725	78
1082	6.473367	5.076811	12
1083	8.130338	8.409868	66
1084	2.573214	6.087165	8
1085	8.449462	5.558648	9
1086	8.630432	8.251005	71
1087	7.160854	6.790850	7
1088	13.271168	3.611361	12
1089	8.739232	8.564854	70
1090	6.596899	8.647823	52
1091	8.120792	6.920494	94
1092	5.620178	3.437830	46
1093	8.419779	9.113188	30
1094	5.901408	7.514362	59
1095	5.794674	3.580028	69
1096	5.098592	3.114841	16
1097	5.327190	1.668061	96
1098	12.606211	4.951961	56
1099	7.799685	8.045856	77
1100	4.696237	5.751733	98
1101	14.144227	4.563042	26
1102	5.108907	7.739148	26
1103	5.437434	9.034629	66
1104	4.876003	5.403003	93
1105	12.548744	4.342391	14
1106	7.943968	8.756103	89
1107	6.612591	6.946840	64
1108	4.591262	7.289763	6
1109	7.675967	7.540982	10
1110	5.881793	4.688036	44
1111	5.617682	7.679430	97
1112	8.011061	7.493096	91
1113	7.704063	8.342524	87
1114	13.001576	4.263615	80
1115	5.684559	6.998044	16
1116	2.681756	6.515904	79
1117	7.938984	7.041911	79
1118	5.287513	8.778976	8
1119	8.554632	6.558650	51
1120	4.938507	6.957140	6
1121	7.293810	8.109717	70
1122	8.153207	8.203006	7
1123	8.259368	9.094596	5
1124	5.355533	8.007465	90
1125	3.853691	7.576755	88
1126	8.613821	8.026770	24
1127	6.712856	7.989602	54
1128	7.302938	7.894946	75
1129	9.145240	6.212537	60
1130	3.644709	8.519605	63
1131	6.983313	6.856935	4
1132	4.008841	7.548699	29
1133	6.923005	6.827840	45
1134	8.997729	6.446047	58
1135	6.661881	6.653444	67
1136	4.998089	2.116739	67
1137	6.127844	9.277402	76
1138	4.258831	8.235935	19
1139	8.348927	7.972524	48
1140	6.030406	8.649626	19
1141	5.428224	7.868115	72
1142	5.193406	5.096064	94
1143	4.494243	8.821095	13
1144	5.012689	8.832970	92
1145	4.436463	8.729103	52
1146	7.562122	8.497620	8
1147	6.239057	8.651805	49
1148	6.060039	8.157811	30
1149	7.224125	8.035088	75
1150	3.588639	8.266388	67
1151	9.068360	8.184283	42
1152	12.672197	4.634213	61
1153	4.506610	2.991309	49
1154	5.876492	9.268864	28
1155	5.856619	6.718977	47
1156	3.944885	10.114928	22
1157	7.480827	7.592541	78
1158	9.113496	6.214467	16
1159	7.608455	7.272002	75
1160	8.377363	7.513506	45
1161	8.663948	8.662913	58
1162	12.077742	4.423055	3
1163	7.353114	8.247785	48
1164	5.178912	7.642071	20
1165	8.393512	6.908478	51
1166	5.058416	5.569522	71
1167	6.809919	7.800880	88
1168	5.573392	3.448837	94
1169	6.923330	8.094724	7
1170	7.030703	7.512859	98
1171	7.129287	8.201123	21
1172	7.724702	6.635445	31
1173	4.552597	2.881110	78
1174	6.574159	8.198706	13
1175	5.556477	7.377700	24
1176	12.683064	4.893357	92
1177	8.589317	7.976179	95
1178	5.066088	3.016399	11
1179	5.796217	10.188460	83
1180	8.399277	6.478924	25
1181	5.008712	1.355949	41
1182	5.565467	8.982096	92
1183	7.065282	6.867087	91
1184	6.858682	6.518409	15
1185	3.358933	6.268222	33
1186	7.355950	7.836181	23
1187	6.020223	7.002348	84
1188	6.548265	8.391557	80
1189	4.759527	2.357490	29
1190	8.317251	8.665453	40
1191	7.686813	8.268074	24
1192	7.034259	6.820120	92
1193	4.801271	2.491317	62
1194	8.253547	6.285772	51
1195	2.560371	6.320489	30
1196	5.449726	7.987179	93
1197	4.835181	8.641665	51
1198	7.843883	8.037409	55
1199	1.212125	8.518047	42
1200	6.624876	8.723970	84
1201	6.587644	9.679797	53
1202	4.591933	1.959585	39
1203	5.916460	6.742625	71
1204	6.240422	9.137573	5
1205	8.702725	5.858134	48
1206	5.266158	7.545801	54
1207	6.190091	4.388716	30
1208	5.458587	3.488373	96
1209	8.897560	6.388128	40
1210	6.935831	7.582535	2
1211	4.350345	1.568588	81
1212	6.328009	8.619350	46
1213	5.325372	8.321812	25
1214	8.020483	8.934248	37
1215	7.469303	6.555119	83
1216	6.296836	8.057742	24
1217	9.039930	6.687807	25
1218	5.431888	8.102198	77
1219	8.386125	8.243925	33
1220	7.540564	8.117709	90
1221	6.015637	6.422112	18
1222	12.514956	4.596340	6
1223	6.542236	9.475257	98
1224	5.051673	4.958646	96
1225	8.393802	7.151095	87
1226	3.611780	10.328430	66
1227	5.133826	6.150394	94
1228	13.098808	3.844060	61
1229	4.961294	7.570560	10
1230	7.450006	7.870993	39
1231	6.571787	9.446538	32
1232	7.871498	7.212117	89
1233	6.431693	4.555176	51
1234	6.239161	4.190594	23
1235	6.066152	9.816570	85
1236	8.644018	5.797551	70
1237	12.856806	4.520307	29
1238	4.770705	7.043488	13
1239	6.393534	8.780971	68
1240	4.583414	8.872186	13
1241	7.369970	6.212840	63
1242	6.776156	7.700290	1
1243	4.149069	8.685003	84
1244	4.845205	8.395195	60
1245	5.517940	3.593181	67
1246	8.532330	5.959380	72
1247	3.805984	8.730047	33
1248	4.461038	8.689159	88
1249	7.336966	7.286881	73
1250	8.209210	8.843210	12
1251	7.442651	8.417041	57
1252	2.416742	6.622375	22
1253	4.786893	2.356138	77
1254	9.102602	6.569099	45
1255	8.090037	8.123851	55
1256	5.938698	7.512729	48
1257	7.163514	8.253309	67
1258	8.327342	6.145779	95
1259	12.667851	4.032179	17
1260	13.068337	4.547819	41
1261	5.254197	8.867411	72
1262	7.130850	6.625246	10
1263	4.839660	8.587327	99
1264	6.236523	9.675139	32
1265	2.675338	6.857878	13
1266	11.486071	5.000293	22
1267	8.367787	6.479093	16
1268	8.234724	8.030936	96
1269	7.290198	6.967617	95
1270	6.371576	8.090812	70
1271	4.456647	8.848755	66
1272	5.576305	7.186503	17
1273	4.873675	7.095133	100
1274	5.108955	8.127653	85
1275	8.681573	5.839588	14
1276	2.198899	6.168254	16
1277	8.222002	7.272294	18
1278	4.616157	8.836019	69
1279	8.960409	6.047945	63
1280	4.936411	1.561237	8
1281	8.778109	6.806537	65
1282	4.786246	5.386005	74
1283	13.443676	3.971271	41
1284	5.523865	3.088121	100
1285	6.151902	4.555034	50
1286	5.160184	6.641399	48
1287	8.151487	6.053919	87
1288	8.452970	8.903311	49
1289	5.365473	9.224382	37
1290	8.236274	9.249473	81
1291	9.076967	8.625026	85
1292	5.791228	7.389856	82
1293	13.394425	3.795313	24
1294	5.947914	6.833318	87
1295	7.413071	7.327709	11
1296	8.219254	8.093524	3
1297	2.723974	6.035977	41
1298	6.371576	8.090812	43
1299	6.299912	8.035446	22
1300	7.171932	6.655380	24
1301	2.228623	7.039035	70
1302	5.314762	3.720871	68
1303	7.864044	6.630687	39
1304	5.917177	8.103711	61
1305	12.801611	4.472688	9
1306	7.905185	7.624014	14
1307	5.059632	8.699247	52
1308	4.900206	5.017317	18
1309	7.238676	7.099198	3
1310	1.951684	7.664526	62
1311	14.046823	4.465794	20
1312	5.553103	3.706775	65
1313	6.570045	7.951549	28
1314	4.794791	7.270102	92
1315	0.720344	5.439793	68
1316	7.450166	7.732336	7
1317	5.944316	3.763119	65
1318	5.260606	7.533917	36
1319	7.295525	7.676362	14
1320	7.861768	7.963347	56
1321	5.207598	3.389353	19
1322	7.883465	7.884573	39
1323	4.337530	8.137652	10
1324	7.824209	8.718188	60
1325	4.975414	9.233573	8
1326	5.070796	5.294013	15
1327	4.377491	8.040879	30
1328	7.621334	8.464390	65
1329	0.696086	8.125544	90
1330	5.985916	8.956224	5
1331	8.442599	6.726632	71
1332	7.961987	8.062775	62
1333	7.335352	8.146525	7
1334	8.065937	8.332581	32
1335	5.113264	9.116763	53
1336	5.662086	3.509441	35
1337	7.417993	6.593464	76
1338	6.292232	8.744001	20
1339	7.992663	8.233002	25
1340	6.371624	4.571598	77
1341	7.190330	8.590953	82
1342	8.957005	6.739327	38
1343	7.279740	6.268534	48
1344	12.508624	4.550648	28
1345	5.143364	3.928570	68
1346	7.639495	7.629266	79
1347	7.326478	8.301370	71
1348	7.343293	9.291997	83
1349	5.030593	1.495448	99
1350	5.394445	4.625322	16
1351	6.712856	7.989602	68
1352	4.999538	1.669324	46
1353	8.031015	6.689886	72
1354	5.812972	8.084588	65
1355	6.427863	7.200677	32
1356	6.338144	8.325736	91
1357	8.442401	6.858167	5
1358	8.323855	5.574857	47
1359	8.714388	8.382074	50
1360	12.554110	5.130645	96
1361	4.812350	1.674415	40
1362	12.025930	4.499660	2
1363	4.988191	9.301298	13
1364	5.719347	3.767796	19
1365	6.811086	7.109751	36
1366	12.395333	4.388804	58
1367	5.484757	9.784698	25
1368	5.262614	8.867933	53
1369	5.410422	6.936047	47
1370	4.789335	8.671976	34
1371	8.630753	5.958464	89
1372	6.012890	7.616054	67
1373	6.250345	6.811531	81
1374	8.488530	7.783695	67
1375	8.668814	6.176692	32
1376	5.351616	7.072444	63
1377	5.943087	7.993822	9
1378	5.901408	7.514362	81
1379	5.087417	9.305984	75
1380	11.849134	4.624398	99
1381	6.377968	8.046935	82
1382	6.220056	7.329345	43
1383	4.425453	1.506280	65
1384	5.197521	9.713100	74
1385	6.219022	7.007919	88
1386	2.494279	6.115177	98
1387	5.394516	4.908040	61
1388	5.309958	8.485103	94
1389	8.443797	7.006892	94
1390	8.463850	7.260747	76
1391	6.097453	7.714722	80
1392	2.016313	6.941204	58
1393	11.622613	4.561158	73
1394	5.314762	3.720871	39
1395	6.754882	9.064063	26
1396	6.865271	7.378253	73
1397	5.521724	8.089398	30
1398	6.808601	6.648559	24
1399	6.433321	8.253642	31
1400	4.554300	8.311449	41
1401	4.698470	2.171871	61
1402	5.096791	7.482888	68
1403	5.561773	7.782525	82
1404	6.639498	9.893440	19
1405	7.355738	6.469100	77
1406	5.703525	3.824202	72
1407	5.170013	8.671537	88
1408	5.092794	8.024402	38
1409	6.348071	9.547616	99
1410	5.838215	9.748023	89
1411	4.289103	2.239595	91
1412	4.255248	1.948145	11
1413	8.142530	7.291437	8
1414	8.013654	7.489963	59
1415	5.237027	7.826770	11
1416	6.141159	8.086225	43
1417	5.040169	8.351675	92
1418	4.896797	2.794797	23
1419	5.038257	7.575230	55
1420	8.344382	6.491772	73
1421	13.080141	4.168799	81
1422	5.647489	9.028086	60
1423	7.447566	6.631947	58
1424	6.060415	6.529168	16
1425	4.636647	2.860857	15
1426	4.876818	7.345206	5
1427	6.250328	4.389710	83
1428	5.127328	7.226513	47
1429	7.870581	8.719374	59
1430	7.702225	6.847707	64
1431	5.856800	3.740687	18
1432	6.327169	8.111717	67
1433	4.501844	8.466686	78
1434	6.267453	8.734053	76
1435	5.817811	8.243407	60
1436	7.036451	7.426752	43
1437	5.587418	1.092000	78
1438	2.211434	6.351910	66
1439	7.908989	8.220408	29
1440	5.986416	7.298793	65
1441	8.189495	6.728228	45
1442	5.166504	4.975740	55
1443	7.382100	7.089127	94
1444	6.436161	5.059173	41
1445	5.699853	0.650215	8
1446	5.276308	6.958233	97
1447	4.829387	6.066872	5
1448	8.351764	9.284763	61
1449	8.218384	7.497025	100
1450	1.234837	8.379467	52
1451	4.803461	9.489665	20
1452	7.005567	6.529499	48
1453	8.574216	8.375107	37
1454	1.904083	7.027639	46
1455	5.491462	6.820702	53
1456	7.184082	6.480657	38
1457	7.470049	8.000174	23
1458	8.028576	8.152407	55
1459	6.230045	6.559781	3
1460	5.120245	3.117921	25
1461	6.895175	6.491129	59
1462	7.639495	7.629266	21
1463	8.442401	6.858167	35
1464	3.396687	8.131007	58
1465	8.320106	7.948282	35
1466	5.810582	7.367570	42
1467	6.743491	7.240647	18
1468	12.803248	4.407529	2
1469	8.752010	6.662068	76
1470	12.714582	3.932589	16
1471	5.540240	4.122760	78
1472	12.509893	4.873181	23
1473	6.622428	7.466325	87
1474	5.248480	7.407303	56
1475	6.209866	8.516460	30
1476	7.248817	7.956385	12
1477	6.928110	6.749633	75
1478	7.166662	6.493138	59
1479	6.240344	9.658586	83
1480	4.270133	8.176329	72
1481	8.847988	6.466283	13
1482	7.782782	7.148283	92
1483	7.847058	7.399543	34
1484	5.031370	9.388325	66
1485	7.807357	7.350809	94
1486	5.042716	2.752691	80
1487	11.622613	4.561158	1
1488	4.504929	8.415353	89
1489	7.755009	7.566592	63
1490	6.901992	9.240983	15
1491	5.176952	7.723381	94
1492	8.775825	6.969363	45
1493	12.600339	4.621424	38
1494	7.861259	8.677353	48
1495	12.831852	4.044402	1
1496	4.349652	8.577982	96
1497	6.120626	6.790010	58
1498	5.176952	7.723381	97
1499	2.654379	6.569129	5
1500	8.320106	7.948282	22
1501	13.239257	3.744723	5
1502	5.305737	1.576714	83
1503	6.489728	7.983743	9
1504	7.651206	8.370715	31
1505	12.341708	4.806082	15
1506	6.218675	6.584318	91
1507	8.373133	5.822424	55
1508	13.206039	3.734400	64
1509	4.951103	6.941211	16
1510	4.055820	7.883411	49
1511	7.327016	8.060142	17
1512	2.845298	6.138506	84
1513	5.723975	8.191923	97
1514	7.030794	9.135933	57
1515	5.270809	8.015081	18
1516	5.363821	5.114574	43
1517	1.245845	8.406705	75
1518	6.334985	7.069902	58
1519	8.553738	6.352224	90
1520	6.157029	7.974501	92
1521	4.748297	5.400507	76
1522	4.985311	9.678705	34
1523	6.681773	8.979128	16
1524	6.674413	7.426911	43
1525	8.470244	8.047270	98
1526	4.613183	4.053006	58
1527	7.992371	7.908872	89
1528	2.717010	7.960152	30
1529	8.475397	6.003087	32
1530	4.968567	7.480692	41
1531	5.845356	6.793775	65
1532	11.522030	5.072279	26
1533	4.904097	2.272369	48
1534	3.701633	8.543146	51
1535	6.789068	9.394023	41
1536	12.895724	4.002305	40
1537	7.901368	8.077066	87
1538	4.945842	1.799249	33
1539	4.628302	8.738727	57
1540	7.136656	9.229081	5
1541	8.074696	7.583968	44
1542	8.608472	5.826254	34
1543	7.893488	7.494376	98
1544	7.346136	6.585989	71
1545	4.974823	2.699083	42
1546	2.882834	7.023703	56
1547	4.789752	5.750891	47
1548	6.172597	6.821116	7
1549	7.289585	6.750815	30
1550	4.598451	9.159427	21
1551	6.235080	7.019035	80
1552	5.192708	5.107918	19
1553	5.066088	3.016399	87
1554	5.711926	3.610583	66
1555	5.908311	7.975006	2
1556	2.267987	6.383307	33
1557	2.427452	6.682016	93
1558	5.057732	6.872137	79
1559	8.272278	7.573436	87
1560	8.231135	6.211514	24
1561	4.518052	1.305577	9
1562	5.366529	1.599006	43
1563	4.984563	4.056161	35
1564	4.900206	5.017317	91
1565	7.103453	6.838206	52
1566	7.803286	7.522777	94
1567	0.998727	7.510341	97
1568	6.317738	9.677551	97
1569	5.773730	8.163592	99
1570	6.528062	6.944734	8
1571	5.178250	9.260354	90
1572	6.171537	8.468668	71
1573	9.044625	8.668267	94
1574	6.666004	8.276500	41
1575	7.950943	8.817615	79
1576	3.610182	8.557872	48
1577	5.556813	0.612373	79
1578	7.018088	6.831522	52
1579	4.800771	6.728751	85
1580	7.313623	6.497717	66
1581	12.077035	4.496412	86
1582	8.399244	7.935441	14
1583	12.987859	4.281491	95
1584	5.850902	3.703578	92
1585	9.070164	6.336681	6
1586	5.759580	3.836398	77
1587	6.131837	9.334152	25
1588	5.798102	3.839298	15
1589	8.983772	8.844228	56
1590	12.683870	3.494670	27
1591	6.624876	8.723970	31
1592	8.882943	7.847421	18
1593	13.413175	3.879904	86
1594	9.058381	6.540246	3
1595	8.722780	6.238616	99
1596	8.854763	7.044249	70
1597	7.482413	8.205907	37
1598	6.533445	8.603897	38
1599	4.820589	5.497362	37
1600	5.938698	7.512729	63
1601	5.541096	7.191728	9
1602	7.904523	7.380877	78
1603	7.179440	9.062858	23
1604	3.172533	6.407000	68
1605	8.374028	8.866070	4
1606	8.400682	6.194229	38
1607	2.216632	6.096395	24
1608	4.936196	6.258680	52
1609	8.769107	6.831174	59
1610	8.646415	5.451024	30
1611	5.129300	5.094836	71
1612	8.993399	6.165186	28
1613	4.957336	8.474943	3
1614	8.242905	8.339301	19
1615	5.746025	3.721591	19
1616	5.332534	6.755091	74
1617	11.677308	4.982384	34
1618	5.147833	9.201602	46
1619	4.818240	1.756823	66
1620	2.411311	6.072689	22
1621	8.470468	6.027730	97
1622	9.187383	8.820415	85
1623	6.622428	7.466325	73
1624	5.289366	7.299246	56
1625	5.885092	7.582447	62
1626	11.605269	5.101187	83
1627	6.027745	6.862583	70
1628	13.354807	3.859380	96
1629	5.069936	7.532107	71
1630	7.521224	7.576105	23
1631	6.073884	9.152616	36
1632	5.344924	3.005987	15
1633	7.353150	6.813280	39
1634	6.114424	8.922254	18
1635	6.215364	9.899704	84
1636	7.678353	6.947158	85
1637	5.824864	7.611101	95
1638	6.869504	6.535515	25
1639	11.519467	4.710489	40
1640	7.293810	8.109717	70
1641	8.372261	7.374353	99
1642	8.555544	5.847715	4
1643	9.151875	6.349077	56
1644	7.548953	9.266422	83
1645	8.072247	6.662705	92
1646	5.486636	7.749832	96
1647	4.567351	1.813479	11
1648	5.323354	8.601894	32
1649	13.112476	3.768149	45
1650	5.492471	9.927724	98
1651	7.370631	7.743872	56
1652	7.651206	8.370715	3
1653	8.714116	6.765846	38
1654	4.854511	8.129780	33
1655	5.518276	6.853825	53
1656	8.739232	8.564854	100
1657	6.747337	6.861885	59
1658	8.304824	7.934592	58
1659	6.406629	9.677020	71
1660	11.753311	4.520868	6
1661	6.179880	9.259182	99
1662	8.219080	7.746045	55
1663	2.421192	6.503775	72
1664	4.773865	6.437075	90
1665	7.665737	6.587036	40
1666	8.663014	8.907328	77
1667	4.870183	8.766646	6
1668	8.409604	6.150321	2
1669	5.308417	5.070421	6
1670	5.179048	7.404812	69
1671	12.866359	3.648214	27
1672	4.971967	7.411082	97
1673	7.086925	8.619559	12
1674	3.392910	7.707017	62
1675	6.748534	9.793261	63
1676	6.729272	8.738532	86
1677	6.206229	8.640616	33
1678	9.349562	8.565063	24
1679	5.479409	10.154598	36
1680	7.959271	7.748416	8
1681	6.812726	7.112087	9
1682	6.129369	9.145078	47
1683	4.898110	7.196326	34
1684	4.710773	1.299904	53
1685	7.441438	6.307681	72
1686	4.948653	6.944883	72
1687	12.172169	4.598378	74
1688	11.530930	5.055487	60
1689	4.995501	7.005122	61
1690	7.513171	8.552729	39
1691	12.270303	4.344515	43
1692	5.353395	6.846380	94
1693	8.403641	8.153770	45
1694	6.234371	7.956617	99
1695	13.213375	4.103482	32
1696	6.151847	8.271807	37
1697	2.622203	6.937494	15
1698	7.832383	7.824834	33
1699	2.506291	6.372503	2
1700	6.686882	6.899510	56
1701	5.499524	9.189971	85
1702	6.080970	9.139490	20
1703	5.651077	7.698072	92
1704	7.702660	8.661437	30
1705	8.724801	6.235925	6
1706	7.197618	6.695343	58
1707	5.539975	9.054229	14
1708	7.429522	7.586668	63
1709	3.422605	9.376971	49
1710	9.228314	8.134603	26
1711	4.898854	2.961337	44
1712	5.203520	2.939661	86
1713	4.907644	8.173104	25
1714	5.383313	3.347725	25
1715	5.653303	3.909542	35
1716	5.276308	6.958233	87
1717	7.739962	6.533238	78
1718	5.124416	8.657846	5
1719	4.942672	1.406406	4
1720	8.248038	8.019332	29
1721	8.183684	8.241959	26
1722	5.018941	6.952026	49
1723	5.456480	7.737926	35
1724	5.340339	7.930368	71
1725	4.696237	5.751733	80
1726	7.720238	8.178443	14
1727	12.432987	4.400990	52
1728	5.353395	6.846380	33
1729	7.903039	6.103176	14
1730	7.892211	9.306012	39
1731	5.004869	2.684825	46
1732	7.205173	7.840334	20
1733	5.564042	9.976822	70
1734	1.372816	8.603181	35
1735	5.572766	6.941054	21
1736	6.879037	9.210365	65
1737	4.214301	8.272197	96
1738	2.478496	6.830667	89
1739	6.299912	8.035446	39
1740	1.281665	8.483359	64
1741	5.510190	9.150436	66
1742	6.645864	7.448554	17
1743	2.248423	6.490097	20
1744	2.760259	7.015412	51
1745	8.157629	8.477182	68
1746	8.043191	7.084481	27
1747	8.731631	8.746169	66
1748	5.548423	8.976883	22
1749	6.759354	10.122500	76
1750	2.411311	6.072689	93
1751	6.497115	8.681369	73
1752	5.914203	7.843061	80
1753	5.247071	2.815983	27
1754	5.252891	9.124936	62
1755	12.814173	4.565004	84
1756	7.683963	6.356168	27
1757	6.964430	8.920858	14
1758	4.567351	1.813479	28
1759	7.148536	7.986501	96
1760	5.477438	3.598586	83
1761	7.461232	7.468708	18
1762	8.862850	6.645290	71
1763	4.967300	9.171648	56
1764	8.626638	8.186203	96
1765	3.781257	10.094934	29
1766	5.822046	3.689891	72
1767	4.903046	6.995028	97
1768	13.078151	3.866371	15
1769	6.153079	8.622405	43
1770	8.349414	7.878035	79
1771	3.854933	8.317747	4
1772	7.980912	7.371435	21
1773	8.407921	7.061339	69
1774	7.925767	8.176361	11
1775	2.053657	6.025098	6
1776	4.970126	7.441478	4
1777	7.402874	8.182225	66
1778	4.249687	8.200987	67
1779	5.264434	9.045763	33
1780	12.679854	4.446440	65
1781	4.876818	7.345206	12
1782	5.576837	9.757953	92
1783	8.635726	7.577951	29
1784	11.791773	4.821712	52
1785	5.298828	8.707958	25
1786	11.975539	4.410558	16
1787	9.019906	6.662221	95
1788	6.083585	9.227854	86
1789	5.534004	6.621490	63
1790	2.248423	6.490097	95
1791	8.857291	6.352622	76
1792	6.301394	9.111356	66
1793	7.437566	8.033945	45
1794	5.098592	3.114841	65
1795	8.052237	9.338288	20
1796	12.188059	4.591296	57
1797	6.400141	9.329700	88
1798	7.930604	7.341570	24
1799	5.698668	7.373154	94
1800	8.030308	7.849954	27
1801	8.004897	5.817903	77
1802	13.068337	4.547819	16
1803	6.294238	7.456717	63
1804	4.968567	7.480692	68
1805	7.181219	6.589714	63
1806	6.348907	9.305049	54
1807	7.477636	7.017803	78
1808	4.478157	8.427756	11
1809	11.753311	4.520868	79
1810	7.917381	6.306586	76
1811	8.490547	7.878774	28
1812	7.558531	7.036611	61
1813	6.890005	9.001311	71
1814	5.810582	7.367570	15
1815	5.979495	6.983211	53
1816	12.870929	3.430571	76
1817	8.368643	7.113030	63
1818	5.351616	7.072444	80
1819	0.582713	7.599884	43
1820	4.641566	7.881058	74
1821	6.351749	7.927101	87
1822	6.329757	9.185010	7
1823	4.848092	3.861637	94
1824	7.728554	7.838015	61
1825	4.242092	1.757181	36
1826	8.133843	8.339069	40
1827	5.816317	3.625604	6
1828	3.355109	6.529528	82
1829	5.469726	6.956138	14
1830	7.107393	6.640337	53
1831	7.396287	6.981724	51
1832	5.411235	6.034878	98
1833	7.364597	6.300110	16
1834	5.106964	8.266880	33
1835	7.220358	7.372859	2
1836	5.601059	1.089850	54
1837	5.332409	7.687343	9
1838	6.101382	4.080885	41
1839	7.923818	5.854802	100
1840	5.014071	7.815072	70
1841	5.699110	8.166535	12
1842	6.417048	5.114321	30
1843	5.116850	2.741659	35
1844	8.209210	8.843210	70
1845	4.144077	8.351215	77
1846	6.300273	7.050924	87
1847	5.102992	7.985010	28
1848	4.626964	7.421972	7
1849	7.862893	7.590955	76
1850	4.420469	8.377841	90
1851	6.666678	6.997814	67
1852	8.263869	8.003432	84
1853	7.710926	6.922950	63
1854	6.780055	6.918574	87
1855	6.488979	7.394360	24
1856	8.035439	9.219307	8
1857	6.313675	5.077161	83
1858	7.654812	6.212590	63
1859	6.224171	9.736575	8
1860	7.985859	6.161440	43
1861	11.711349	4.500064	46
1862	4.531503	1.822968	30
1863	5.364213	9.026485	63
1864	4.305709	8.625823	25
1865	5.278217	8.579086	4
1866	4.917844	2.858465	32
1867	5.255216	8.503894	11
1868	3.649415	9.882948	67
1869	8.442599	6.726632	75
1870	7.084366	7.636638	78
1871	5.106964	8.266880	58
1872	7.834128	8.130070	28
1873	6.511986	8.646632	60
1874	6.859275	7.475289	56
1875	12.077742	4.423055	35
1876	6.504839	9.355390	45
1877	7.296593	7.055342	31
1878	7.995084	6.543424	77
1879	6.099887	6.961862	94
1880	13.239257	3.744723	31
1881	8.525746	6.607566	94
1882	8.672821	8.501561	56
1883	5.072436	5.096036	95
1884	5.458587	3.488373	7
1885	6.458565	9.112168	82
1886	5.069936	7.571684	48
1887	6.329757	9.185010	70
1888	4.343979	8.392350	11
1889	6.355807	8.685684	38
1890	6.130157	9.879946	99
1891	7.737648	8.145232	69
1892	4.919506	1.902246	58
1893	5.065238	4.415600	100
1894	3.366578	6.161189	92
1895	6.071838	6.450680	59
1896	5.542735	7.970533	43
1897	5.526162	7.927175	9
1898	5.018941	6.952026	72
1899	13.608118	3.742327	21
1900	6.001999	8.215648	42
1901	4.816993	8.537000	71
1902	4.743435	6.751905	31
1903	2.310779	6.546992	21
1904	4.522305	2.541816	36
1905	3.396687	8.131007	95
1906	8.165057	6.889802	64
1907	2.276051	6.586656	37
1908	4.387447	8.528007	41
1909	11.837756	4.353940	32
1910	7.239550	6.895696	85
1911	7.135115	8.550031	37
1912	6.951803	6.735444	12
1913	8.988162	6.491122	12
1914	6.325150	7.135918	91
1915	8.065479	7.909591	3
1916	2.792354	6.783598	97
1917	6.785524	6.662416	85
1918	4.926579	8.579071	2
1919	4.048456	9.778438	27
1920	4.460557	8.010686	32
1921	5.696006	7.432692	92
1922	5.106964	8.266880	38
1923	7.666431	7.600123	39
1924	5.021049	8.434597	40
1925	5.535948	0.000000	57
1926	6.678357	7.897476	20
1927	8.613821	8.026770	61
1928	5.647399	3.363637	87
1929	4.435147	5.281949	47
1930	6.723786	6.959194	89
1931	7.698389	7.399449	43
1932	4.180158	2.065633	42
1933	4.750656	8.305441	60
1934	12.471230	4.247595	60
1935	5.063394	3.267557	3
1936	6.360420	4.426151	53
1937	5.680713	7.363150	92
1938	8.205721	8.269183	71
1939	7.779049	6.592855	10
1940	5.591264	1.624872	31
1941	2.119535	6.172454	14
1942	4.330126	8.843684	20
1943	7.953104	6.182641	17
1944	5.377659	8.857954	42
1945	5.065238	4.415600	80
1946	4.550956	2.843057	20
1947	8.616659	8.007855	74
1948	8.259925	5.986432	16
1949	6.769573	8.686393	17
1950	11.622613	4.561158	23
1951	2.261881	6.424567	74
1952	7.925501	8.298356	44
1953	3.384405	6.168016	55
1954	8.582347	6.068413	12
1955	1.154176	8.539718	11
1956	4.612774	2.795037	97
1957	8.485977	7.506644	41
1958	2.681756	6.515904	23
1959	4.273090	9.075486	86
1960	12.615962	3.283811	10
1961	4.974823	2.699083	59
1962	7.687966	6.664595	31
1963	4.460557	8.010686	76
1964	8.722780	6.238616	75
1965	5.247071	2.815983	29
1966	12.035582	4.743599	36
1967	2.646520	6.616235	16
1968	5.719347	3.767796	93
1969	7.735497	6.725841	91
1970	5.618862	3.029432	10
1971	8.005155	7.785976	81
1972	6.011624	7.996312	9
1973	6.265300	6.918618	77
1974	6.985896	7.545630	8
1975	5.943087	7.993822	39
1976	1.234837	8.379467	88
1977	7.775939	6.396943	9
1978	5.074642	8.401218	16
1979	8.772506	8.475971	71
1980	4.787819	1.043458	57
1981	6.393000	7.931812	4
1982	5.847821	4.174896	74
1983	6.165263	8.176780	32
1984	6.372855	7.500620	34
1985	8.758009	6.405770	88
1986	6.922451	8.003804	85
1987	7.834357	7.567992	38
1988	6.856107	8.428699	56
1989	7.184082	6.480657	95
1990	6.246332	8.142839	64
1991	8.402751	8.835917	67
1992	4.077659	2.229020	17
1993	7.862893	7.590955	33
1994	2.367683	6.308207	8
1995	6.561422	6.902282	90
1996	8.790008	8.031563	30
1997	8.129438	8.747259	76
1998	5.002373	8.727375	17
1999	7.101338	8.085700	5
2000	5.319564	3.033703	19
2001	5.427371	3.014796	96
2002	5.037438	7.205913	9
2003	12.656932	4.524838	86
2004	5.756905	3.510121	11
2005	4.153347	2.441480	74
2006	5.364164	7.659312	6
2007	12.733265	4.507323	59
2008	7.469303	6.555119	78
2009	6.658215	9.877756	80
2010	4.330126	8.843684	68
2011	6.542782	8.746699	38
2012	9.279581	6.602860	72
2013	4.042047	7.890954	83
2014	4.934529	5.136928	63
2015	6.072966	6.678633	14
2016	3.758661	8.867895	79
2017	4.437675	0.949012	27
2018	5.377499	8.916265	13
2019	7.282327	8.161020	32
2020	4.470187	2.884480	74
2021	7.873889	8.820240	95
2022	4.084459	9.597945	98
2023	4.752445	6.427749	79
2024	5.942265	7.788796	59
2025	6.293512	8.081506	91
2026	4.602443	1.900691	9
2027	8.197457	9.173504	46
2028	5.010657	2.853130	3
2029	7.091013	6.650877	82
2030	4.917430	8.494041	64
2031	8.186790	9.286197	64
2032	5.150673	7.383989	47
2033	5.642885	8.026005	54
2034	7.277133	6.578039	56
2035	5.799709	9.828349	34
2036	8.588067	8.589110	97
2037	5.307763	8.825007	36
2038	3.805984	8.730047	19
2039	6.276749	8.780372	3
2040	5.223322	2.577374	42
2041	6.272854	7.103733	6
2042	4.811454	7.444259	98
2043	8.038802	7.164832	16
2044	8.509760	8.322191	93
2045	4.573703	2.730364	42
2046	4.937228	1.868013	82
2047	12.576988	4.662353	44
2048	4.553894	8.338095	42
2049	4.425453	1.506280	34
2050	8.091337	7.049820	96
2051	6.283818	9.012185	10
2052	8.571672	6.778521	57
2053	8.100037	8.944833	37
2054	6.577782	6.800238	80
2055	5.535948	0.000000	40
2056	5.695813	7.210442	2
2057	6.705054	7.748672	78
2058	8.747174	8.483386	54
2059	8.068927	6.746771	13
2060	7.238676	7.099198	35
2061	6.881573	8.562187	71
2062	6.498469	7.648915	9
2063	5.742065	4.919191	49
2064	8.259240	8.485051	54
2065	6.038848	7.411497	35
2066	8.319842	7.037682	38
2067	7.840951	7.361630	78
2068	6.886010	6.680743	80
2069	8.148792	5.649924	9
2070	5.910869	4.292051	48
2071	4.896797	2.794797	31
2072	6.197420	7.930283	75
2073	6.089146	6.462130	43
2074	4.743435	6.751905	86
2075	7.046430	9.685347	59
2076	4.851806	1.798167	41
2077	3.441224	6.091882	37
2078	4.518052	1.305577	55
2079	7.826223	6.474659	48
2080	3.648642	9.310968	46
2081	11.807219	4.321735	31
2082	5.796217	10.188460	44
2083	6.076958	9.024952	5
2084	2.005329	6.211200	52
2085	12.825290	4.664615	99
2086	4.640624	7.091401	99
2087	7.973158	8.260443	7
2088	6.424781	6.681883	24
2089	8.323855	5.574857	53
2090	8.616416	7.313328	42
2091	8.248204	6.461861	1
2092	5.810582	7.367570	31
2093	4.984578	3.743722	7
2094	8.187585	5.755942	92
2095	8.002455	7.461433	92
2096	5.693471	4.008667	16
2097	7.890407	8.246030	85
2098	6.522340	8.890380	49
2099	5.014071	7.815072	3
2100	6.135212	8.126981	72
2101	8.872726	6.653814	33
2102	8.571680	8.422762	19
2103	6.512637	7.250583	99
2104	7.742656	7.611804	93
2105	8.790008	8.031563	75
2106	6.115943	6.600566	54
2107	6.759008	6.935419	70
2108	8.712801	6.559601	19
2109	4.077659	2.229020	41
2110	8.403200	6.233667	61
2111	8.560492	6.674019	48
2112	9.300640	6.675078	53
2113	6.723786	6.959194	82
2114	8.910407	6.750092	57
2115	6.288329	6.807194	33
2116	6.790505	7.685305	69
2117	4.747877	7.943972	53
2118	3.792166	9.991938	71
2119	5.499524	9.189971	95
2120	8.188637	9.250336	47
2121	12.492256	4.752857	91
2122	5.386909	6.894486	8
2123	8.463850	7.260747	7
2124	7.719238	7.004061	99
2125	6.251404	9.956899	52
2126	6.510130	7.042991	82
2127	6.832490	6.529907	42
2128	8.386974	7.593869	60
2129	7.856737	7.252185	54
2130	4.747877	7.943972	47
2131	6.792039	9.777091	40
2132	5.142753	2.911682	49
2133	6.613903	7.865211	84
2134	9.006197	6.119773	85
2135	5.327190	1.668061	58
2136	7.861768	7.963347	50
2137	5.859460	7.944548	80
2138	4.935391	8.267383	91
2139	5.090223	4.578497	64
2140	6.355207	7.080956	79
2141	6.202150	7.238439	75
2142	8.104210	7.457279	29
2143	7.148536	7.986501	65
2144	6.348907	9.305049	59
2145	4.242092	1.757181	88
2146	6.411318	7.050637	78
2147	2.001646	8.286785	64
2148	6.108078	9.184708	32
2149	3.856136	10.039435	65
2150	8.310232	6.797484	62
2151	4.942190	1.816551	46
2152	4.845833	6.680394	51
2153	7.267442	7.639442	48
2154	6.151009	4.515588	60
2155	12.801611	4.472688	98
2156	11.605269	5.101187	30
2157	6.310588	7.550201	58
2158	2.322543	6.066375	76
2159	6.068306	8.460430	74
2160	5.247071	2.815983	63
2161	5.364213	9.026485	6
2162	5.031226	7.586037	89
2163	13.206039	3.734400	24
2164	5.942265	7.788796	30
2165	7.327667	8.225746	40
2166	7.388383	7.755475	86
2167	9.527034	6.292196	77
2168	5.428066	7.140817	50
2169	8.698856	6.634879	4
2170	7.085709	7.008155	16
2171	6.240344	9.658586	86
2172	5.337506	1.678034	46
2173	6.318228	8.679638	55
2174	6.168408	8.064352	95
2175	6.512281	9.361494	20
2176	7.121063	7.840353	97
2177	6.936973	7.678420	22
2178	7.564925	7.211456	39
2179	3.483788	6.418300	93
2180	5.316700	4.860373	77
2181	12.134518	4.345949	74
2182	7.665737	6.587036	27
2183	8.434940	5.878487	1
2184	1.274805	8.365548	24
2185	3.724323	9.868946	13
2186	5.133826	6.150394	2
2187	6.088046	6.750524	94
2188	6.790505	7.685305	36
2189	12.341708	4.806082	8
2190	13.223136	3.717189	81
2191	6.596908	7.771844	9
2192	6.235080	7.019035	4
2193	7.505335	6.805570	54
2194	11.901987	4.459479	52
2195	8.837784	6.804371	47
2196	4.845205	8.395195	80
2197	5.553103	3.706775	92
2198	6.471640	8.748308	46
2199	4.830011	8.680207	78
2200	6.280237	6.774771	70
2201	4.852476	3.714338	13
2202	6.682830	6.716192	39
2203	4.522305	2.541816	79
2204	7.520718	6.985424	1
2205	12.790199	3.765008	55
2206	9.145240	6.212537	30
2207	5.141629	9.255868	5
2208	8.388800	8.031255	56
2209	7.308464	8.200641	62
2210	6.230075	7.775661	30
2211	6.175921	4.102469	48
2212	7.361583	6.516803	48
2213	6.343657	7.991982	94
2214	4.698470	2.171871	80
2215	11.830437	4.789047	28
2216	5.158824	1.331371	51
2217	5.379527	1.637127	70
2218	4.981779	3.996232	19
2219	2.463157	7.292345	22
2220	12.571601	5.153311	52
2221	12.487819	4.386823	93
2222	6.144504	8.060740	82
2223	6.134468	9.837386	57
2224	8.331346	7.386380	82
2225	7.791989	7.764376	19
2226	5.092443	7.491985	72
2227	2.325953	6.430007	16
2228	4.562457	1.320257	76
2229	5.198275	8.396936	6
2230	12.897949	3.735992	37
2231	7.039480	6.750220	64
2232	8.748268	6.204526	99
2233	8.373417	9.342157	31
2234	7.515319	7.427959	76
2235	6.962950	6.872775	74
2236	5.308417	5.070421	20
2237	5.139812	2.888512	16
2238	12.988096	3.536162	21
2239	7.060162	8.165432	25
2240	3.629404	8.530408	94
2241	6.573475	7.067950	96
2242	8.058971	7.520339	97
2243	8.276103	8.212855	19
2244	12.077037	4.507936	85
2245	7.717617	6.547992	78
2246	7.904523	7.380877	18
2247	7.376889	7.983564	8
2248	8.043191	7.084481	39
2249	7.091013	6.650877	34
2250	1.894763	7.009220	81
2251	5.923712	10.312747	25
2252	4.273090	9.075486	8
2253	8.449462	5.558648	25
2254	3.850540	10.111430	67
2255	8.854763	7.044249	82
2256	5.775292	8.027111	46
2257	4.841092	8.541437	96
2258	8.443426	6.418736	57
2259	6.124530	7.663979	17
2260	7.055544	8.480580	20
2261	3.617346	6.044562	8
2262	8.005745	6.249739	20
2263	9.246570	6.105910	19
2264	4.633241	6.183516	45
2265	5.086703	6.862621	89
2266	7.865852	7.437669	99
2267	6.761075	8.865675	94
2268	8.248894	6.345193	9
2269	5.732651	6.855743	41
2270	4.628302	8.738727	5
2271	6.371208	9.440813	7
2272	5.004869	2.684825	7
2273	8.104210	7.457279	75
2274	6.120626	6.790010	25
2275	8.817481	6.317404	48
2276	7.353183	7.459997	17
2277	5.301814	7.910547	3
2278	5.952582	8.123853	93
2279	2.343572	6.202731	3
2280	2.302065	7.470280	13
2281	2.605832	6.233922	87
2282	4.532458	1.513613	29
2283	5.627883	6.787890	84
2284	5.196171	4.898580	50
2285	8.902137	6.672705	57
2286	7.676660	8.700080	77
2287	6.645864	7.448554	88
2288	6.757162	9.478466	49
2289	4.878587	4.228537	86
2290	6.998783	7.373308	1
2291	6.533445	8.603897	8
2292	5.423637	8.793175	49
2293	5.411179	5.110191	23
2294	5.252744	8.502989	6
2295	8.187832	8.648895	69
2296	6.258710	8.825161	95
2297	5.373438	4.913996	18
2298	6.294238	7.456717	21
2299	7.413071	7.327709	82
2300	5.431888	8.102198	80
2301	5.015940	7.507906	45
2302	12.535194	4.760503	41
2303	8.480637	7.140539	6
2304	13.068337	4.547819	40
2305	2.501493	6.046070	91
2306	5.354759	9.023915	78
2307	13.385903	4.010897	42
2308	8.073754	6.847175	99
2309	12.886882	3.744039	8
2310	2.424279	6.323593	66
2311	5.211078	7.919241	62
2312	8.358753	8.351165	79
2313	6.619181	8.209573	15
2314	6.562789	7.680957	37
2315	12.035582	4.743599	49
2316	6.218412	7.068772	10
2317	5.698018	6.796631	28
2318	6.403381	7.866814	16
2319	4.748297	5.400507	4
2320	5.743166	7.680639	10
2321	5.411669	8.292803	30
2322	5.248387	8.204027	65
2323	5.054933	6.463956	22
2324	6.587169	9.834282	18
2325	7.074589	7.481320	31
2326	13.473146	3.643305	81
2327	6.483491	9.123177	29
2328	7.607066	6.728251	92
2329	7.840354	7.300480	60
2330	12.349883	4.264154	21
2331	8.051956	8.277582	16
2332	11.615295	4.596258	98
2333	4.532458	1.513613	40
2334	5.106820	2.548102	81
2335	5.548612	9.030698	67
2336	8.823734	8.584416	47
2337	8.434940	5.878487	77
2338	4.653991	2.922251	76
2339	5.680713	7.363150	41
2340	5.631229	5.058643	18
2341	5.484817	7.572113	34
2342	8.764041	9.104543	9
2343	6.964430	8.920858	5
2344	4.657920	8.841461	59
2345	6.092212	8.166092	90
2346	6.536282	7.667751	12
2347	12.733265	4.507323	88
2348	5.402019	10.133063	19
2349	4.930902	5.022772	46
2350	8.118722	8.992639	98
2351	12.886882	3.744039	62
2352	7.848042	5.984919	34
2353	5.680713	7.363150	7
2354	7.220358	7.372859	15
2355	6.832490	6.529907	74
2356	5.323354	8.601894	54
2357	6.455479	8.224051	76
2358	6.741635	7.765124	80
2359	5.425503	6.601970	64
2360	7.474314	7.745362	50
2361	6.510189	7.187341	38
2362	5.428752	9.138396	38
2363	3.839621	8.725108	71
2364	6.146920	7.465095	44
2365	9.048174	8.914816	68
2366	9.224338	8.570602	25
2367	8.834537	6.780572	12
2368	4.561645	2.902692	52
2369	8.980893	8.499193	43
2370	12.032949	4.510747	37
2371	6.791076	8.785168	9
2372	7.291278	6.686504	74
2373	6.376779	8.211102	29
2374	6.134952	6.564995	92
2375	12.138223	4.615780	2
2376	8.618138	8.902830	59
2377	8.602138	7.902226	78
2378	8.041620	7.545451	37
2379	6.202150	7.238439	9
2380	13.386271	4.072390	4
2381	5.482546	8.236591	10
2382	7.985859	6.161440	16
2383	4.841092	8.541437	63
2384	4.820589	5.497362	40
2385	4.552597	2.881110	23
2386	4.896560	7.617880	48
2387	7.437513	7.866646	22
2388	8.550425	7.421375	22
2389	8.080668	8.360475	74
2390	5.381588	8.346736	69
2391	8.545052	7.191345	57
2392	5.271334	6.848123	5
2393	5.069936	7.532107	56
2394	4.996043	8.173913	74
2395	2.469629	7.258922	76
2396	5.224373	9.006522	67
2397	5.454380	8.697285	82
2398	5.847821	4.174896	10
2399	8.274535	7.665787	17
2400	7.966467	7.756093	34
2401	5.800285	7.546958	33
2402	8.425567	6.082122	80
2403	7.169807	7.958046	75
2404	12.738691	4.681907	72
2405	2.367683	6.308207	80
2406	5.844811	9.780742	29
2407	5.089398	5.295444	74
2408	5.484817	7.572113	9
2409	7.101338	8.085700	3
2410	6.220009	9.399060	22
2411	13.489311	3.980418	38
2412	8.683880	8.245138	37
2413	4.888312	3.842148	44
2414	5.300987	5.117776	81
2415	8.532330	5.959380	52
2416	6.333925	8.062662	11
2417	4.995661	6.897955	44
2418	8.532320	7.823212	76
2419	7.933659	6.083210	36
2420	12.885015	4.244661	71
2421	4.491012	9.391821	42
2422	8.949322	8.555970	3
2423	13.712130	4.544949	45
2424	6.895175	6.491129	59
2425	8.747258	8.357866	98
2426	4.692918	1.727177	67
2427	5.399208	8.785522	14
2428	8.945553	8.629028	63
2429	8.865326	7.838523	62
2430	6.381603	7.032657	77
2431	5.529121	7.131908	26
2432	5.243065	7.498084	77
2433	7.543303	7.719408	35
2434	7.362825	6.694546	18
2435	4.193379	7.639928	84
2436	7.947625	7.969589	59
2437	5.253356	7.518414	53
2438	8.601081	6.482292	8
2439	8.041638	9.016295	20
2440	4.648301	7.764587	71
2441	3.723295	8.043170	82
2442	7.568332	8.389407	59
2443	7.082354	8.119139	74
2444	4.819712	6.393115	18
2445	6.143433	9.015134	2
2446	7.107393	6.640337	68
2447	12.514956	4.596340	18
2448	7.662839	7.777554	18
2449	12.090333	4.749110	34
2450	7.391482	6.341078	94
2451	7.044594	8.051620	51
2452	6.574706	7.592809	94
2453	7.414289	7.772607	77
2454	8.386987	5.704619	75
2455	8.996953	6.286922	51
2456	7.582089	7.739166	53
2457	4.736247	1.230526	44
2458	8.069904	7.202806	73
2459	2.023196	5.993764	95
2460	5.520571	7.857756	58
2461	7.763387	8.250744	24
2462	7.765231	5.944072	12
2463	7.477636	7.017803	73
2464	5.564373	2.989969	41
2465	5.661558	7.282103	82
2466	4.991405	3.441023	27
2467	6.488979	7.394360	7
2468	4.215695	1.643427	11
2469	4.478157	8.427756	45
2470	6.914094	7.032731	17
2471	3.861100	8.678753	63
2472	4.497920	3.014120	7
2473	4.926579	8.579071	52
2474	7.267442	7.639442	20
2475	5.477381	7.935636	26
2476	8.100037	8.944833	28
2477	4.720584	6.580630	67
2478	4.897550	5.330243	42
2479	7.790226	6.861537	13
2480	9.418330	6.262854	70
2481	4.575032	1.710583	86
2482	5.944316	3.763119	80
2483	4.803461	9.489665	91
2484	12.774808	4.336783	94
2485	8.415582	7.264585	83
2486	7.305245	6.400119	42
2487	5.687622	7.606026	97
2488	11.791502	4.763158	71
2489	4.538020	6.196019	91
2490	5.457442	3.396076	78
2491	6.097453	7.714722	35
2492	8.493621	6.444842	36
2493	5.495446	8.137837	70
2494	8.161170	7.373820	61
2495	8.150055	8.311519	99
2496	8.172204	5.817174	17
2497	5.249297	7.222625	26
2498	2.656663	6.409803	19
2499	5.311544	2.966468	29
2500	2.421171	7.173107	15
2501	7.988385	8.417941	74
2502	7.825791	7.328636	75
2503	7.263431	7.341203	71
2504	13.336334	4.045832	67
2505	12.626373	3.112374	46
2506	6.792039	9.777091	21
2507	12.435113	4.731544	58
2508	11.574164	5.101487	91
2509	5.548423	8.976883	43
2510	6.234371	7.956617	88
2511	5.106964	8.266880	26
2512	7.568520	7.535120	83
2513	8.785136	6.111532	19
2514	13.206039	3.734400	16
2515	11.914937	5.141946	58
2516	5.104628	5.031942	62
2517	4.902304	7.926741	43
2518	7.765231	5.944072	56
2519	1.894763	7.009220	38
2520	5.411669	8.292803	19
2521	12.626058	4.452987	36
2522	6.283534	7.659406	58
2523	5.294621	6.623491	36
2524	13.440106	3.966809	63
2525	5.134115	5.033735	33
2526	8.404441	5.491411	70
2527	4.336968	8.458153	23
2528	5.573738	6.822344	17
2529	6.530901	7.931280	88
2530	6.168690	9.206023	2
2531	2.723974	6.035977	49
2532	7.981321	6.052127	35
2533	13.455259	3.868131	25
2534	5.633892	9.049279	64
2535	7.393200	6.499876	53
2536	7.535276	7.645482	83
2537	5.785391	5.000521	79
2538	5.965170	7.709239	24
2539	3.648642	9.310968	53
2540	5.520571	7.857756	42
2541	8.057828	7.425654	31
2542	5.007261	2.348990	37
2543	14.185522	4.274276	80
2544	8.248894	6.345193	64
2545	4.972317	4.501127	82
2546	4.549475	8.255462	69
2547	8.086634	8.722032	84
2548	6.796556	6.734430	7
2549	8.151776	8.121226	86
2550	13.593160	4.012427	85
2551	5.359897	9.633977	74
2552	5.684559	6.998044	3
2553	4.419788	2.705086	19
2554	8.880017	6.146406	62
2555	5.738897	3.561712	39
2556	5.570208	7.063167	96
2557	4.964904	4.955140	23
2558	7.906690	8.288565	56
2559	7.934538	9.485893	20
2560	8.399115	7.183493	60
2561	7.024150	8.082393	66
2562	8.276646	7.739402	12
2563	6.143433	9.015134	44
2564	6.545983	4.598496	10
2565	2.483197	6.428378	14
2566	8.395261	8.581168	60
2567	6.477568	8.195815	5
2568	12.621805	3.074850	23
2569	8.023908	6.775752	77
2570	7.644826	8.385506	9
2571	8.427814	6.874194	37
2572	5.047957	4.413032	26
2573	2.343572	6.202731	32
2574	7.952067	6.476957	5
2575	7.819713	6.026915	78
2576	5.934306	7.653249	19
2577	4.703656	3.856462	80
2578	8.481248	6.674959	67
2579	6.218675	6.584318	70
2580	5.180082	8.390011	66
2581	5.027636	7.348135	50
2582	5.321097	3.820987	2
2583	5.389648	8.864931	45
2584	3.123956	8.087426	71
2585	8.904879	7.543776	51
2586	4.714990	6.741977	75
2587	8.031015	6.689886	93
2588	6.423577	8.862746	74
2589	7.586273	8.344559	60
2590	4.835181	8.641665	31
2591	6.476852	7.312813	28
2592	12.683870	3.494670	77
2593	6.126748	4.057333	71
2594	13.370134	4.096697	11
2595	12.467315	4.571434	71
2596	4.498155	8.003761	70
2597	5.035131	8.438887	2
2598	4.896797	2.794797	96
2599	8.566065	6.606017	95
2600	2.591933	6.594019	21
2601	5.661905	7.704133	42
2602	6.011258	9.675654	88
2603	5.681124	6.894550	77
2604	8.409604	6.150321	48
2605	6.063106	7.655994	45
2606	8.580881	7.521118	53
2607	5.423637	8.793175	43
2608	4.935697	8.415646	54
2609	5.840905	7.520928	98
2610	5.296971	7.609778	44
2611	2.560371	6.320489	62
2612	6.974885	7.878692	92
2613	6.561297	8.370385	68
2614	8.663948	8.662913	80
2615	12.005758	4.462554	61
2616	8.468870	7.588433	46
2617	12.615962	3.283811	70
2618	8.731631	8.746169	66
2619	4.880417	5.343508	21
2620	4.982550	6.933729	30
2621	6.629323	9.590241	5
2622	8.079717	7.888376	9
2623	4.265459	9.063129	87
2624	4.869016	3.799615	12
2625	7.916483	6.945550	96
2626	4.093987	8.082503	50
2627	8.747096	7.247811	97
2628	4.443429	6.184020	81
2629	5.719347	3.767796	3
2630	5.006813	7.904579	28
2631	13.385903	4.010897	74
2632	7.181998	8.509642	64
2633	6.602693	9.096878	72
2634	7.564942	7.672821	74
2635	5.039130	4.358945	80
2636	8.600624	7.428369	36
2637	7.403933	8.173034	39
2638	8.455699	6.740508	44
2639	7.654812	6.212590	47
2640	5.232839	2.905730	53
2641	13.712130	4.544949	70
2642	3.039857	7.024404	43
2643	6.233526	8.239105	74
2644	5.894083	7.964748	99
2645	5.482546	8.236591	42
2646	6.020857	8.355350	14
2647	7.931215	7.788806	91
2648	7.587010	6.420339	76
2649	7.539027	7.594724	29
2650	7.138862	7.080667	32
2651	8.218058	5.781768	90
2652	3.152052	7.010842	56
2653	6.812726	7.112087	71
2654	5.215728	7.087795	75
2655	9.625137	6.334610	34
2656	7.443157	6.518382	12
2657	5.108537	8.713032	41
2658	5.750372	3.594394	48
2659	6.038294	8.312967	77
2660	7.438593	6.309592	68
2661	12.858437	3.357321	3
2662	9.029310	7.999248	84
2663	8.031015	6.689886	21
2664	8.771837	8.525812	52
2665	8.775825	6.969363	75
2666	6.374984	8.068023	99
2667	7.282327	8.161020	85
2668	6.158898	8.226629	50
2669	5.032291	2.393390	83
2670	8.646415	5.451024	87
2671	6.436105	9.648998	69
2672	7.270967	7.850421	72
2673	3.837262	9.907941	88
2674	6.215364	9.899704	91
2675	7.654812	6.212590	75
2676	5.164104	3.375667	82
2677	8.414501	8.376357	98
2678	8.175042	6.087570	5
2679	7.656356	7.561024	85
2680	5.157491	8.278724	80
2681	8.346818	6.132754	23
2682	4.760806	5.440033	25
2683	6.317738	9.677551	85
2684	6.793657	8.841856	98
2685	7.018088	6.831522	4
2686	5.383093	3.399387	41
2687	6.357733	6.944204	75
2688	6.011624	7.996312	55
2689	4.895131	8.565898	44
2690	8.992234	8.720038	97
2691	8.557351	7.327233	81
2692	9.401964	6.312662	17
2693	12.626373	3.112374	83
2694	8.056320	7.611292	84
2695	13.173329	3.767238	3
2696	8.197457	9.173504	70
2697	5.889197	7.961228	7
2698	8.249051	7.772280	72
2699	8.474399	6.434846	88
2700	8.543369	7.932438	33
2701	8.361929	7.299135	56
2702	6.709080	8.696607	55
2703	6.567667	4.461174	69
2704	11.885290	5.036148	3
2705	6.495533	7.742458	98
2706	5.781636	7.770410	84
2707	4.875736	9.520085	54
2708	6.233526	8.239105	90
2709	6.329757	9.185010	19
2710	9.016887	6.825800	97
2711	7.300316	8.043722	63
2712	1.818180	5.948191	37
2713	4.446774	8.274957	41
2714	5.844811	9.780742	51
2715	8.249051	7.772280	79
2716	9.122151	8.838946	39
2717	8.577666	8.741126	53
2718	6.364955	7.325110	81
2719	8.597684	8.689139	20
2720	2.325953	6.430007	92
2721	8.383668	6.914851	24
2722	8.415324	8.973834	72
2723	7.778955	6.084180	50
2724	2.196165	6.160704	99
2725	5.559644	3.703968	28
2726	5.224373	9.006522	53
2727	5.581211	8.057772	4
2728	1.561206	8.120402	73
2729	5.226425	1.681953	39
2730	11.930585	5.210156	9
2731	8.575393	8.315932	12
2732	7.875108	7.946167	40
2733	7.317014	6.330930	35
2734	6.859275	7.475289	62
2735	6.299912	8.035446	11
2736	5.532162	5.122324	10
2737	7.632682	6.708459	60
2738	4.613183	4.053006	24
2739	5.399208	8.785522	43
2740	4.902304	7.926741	80
2741	3.373601	6.672287	37
2742	6.195863	8.232778	30
2743	9.048942	8.419082	85
2744	5.594953	7.800255	19
2745	9.097193	8.149332	46
2746	8.100037	8.944833	56
2747	2.510252	8.249923	27
2748	5.383622	7.952849	3
2749	4.722957	4.120644	10
2750	8.509760	8.322191	68
2751	6.571787	9.446538	18
2752	8.657045	8.960326	85
2753	7.053452	7.333775	84
2754	3.484376	10.085945	92
2755	7.587357	8.983794	87
2756	12.427828	4.257467	51
2757	12.600339	4.621424	1
2758	8.845542	8.048119	88
2759	5.449726	7.987179	7
2760	6.156156	9.292820	80
2761	6.104400	9.266320	11
2762	5.716046	7.677679	52
2763	2.145177	6.105043	77
2764	2.038804	8.101630	39
2765	4.699461	1.636518	94
2766	5.087520	2.589289	58
2767	6.619181	8.209573	38
2768	6.914094	7.032731	46
2769	7.416289	6.480672	6
2770	8.323835	6.579300	46
2771	5.264522	3.804364	11
2772	6.862495	8.544493	92
2773	12.022004	4.695866	98
2774	6.513577	8.222486	99
2775	5.016657	7.332065	88
2776	11.683159	4.448828	87
2777	5.570208	7.063167	4
2778	7.249343	7.875447	45
2779	6.858985	6.542796	49
2780	8.475374	7.911971	83
2781	9.034798	6.469149	59
2782	4.388051	9.381521	98
2783	7.407230	8.340845	4
2784	5.352253	7.673052	26
2785	2.627319	6.008219	18
2786	8.595062	8.221645	13
2787	5.909128	6.757482	94
2788	7.665737	6.587036	65
2789	8.512171	7.901255	79
2790	7.300316	8.043722	63
2791	13.527169	3.710528	71
2792	6.310588	7.550201	30
2793	7.220944	7.821341	61
2794	5.927480	9.276397	52
2795	5.751065	3.921516	72
2796	6.151847	8.271807	52
2797	4.093987	8.082503	23
2798	13.527169	3.710528	22
2799	4.722957	4.120644	73
2800	12.672197	4.634213	37
2801	7.330628	6.720195	99
2802	5.750372	3.594394	17
2803	5.006813	7.904579	42
2804	7.029874	6.877293	31
2805	8.291190	5.921178	38
2806	8.564757	7.952778	93
2807	8.358592	7.595094	46
2808	5.939092	7.726223	32
2809	5.610588	3.300212	11
2810	5.106355	7.820480	66
2811	12.505957	4.240272	61
2812	8.643159	8.808570	17
2813	4.749691	8.117261	62
2814	4.336968	8.458153	43
2815	7.219975	6.563655	3
2816	5.571066	7.187312	3
2817	8.087270	6.572005	61
2818	8.478260	7.189393	8
2819	6.346248	7.972438	50
2820	6.153954	8.859731	39
2821	6.252531	8.101504	35
2822	6.142975	6.832717	1
2823	6.881311	7.807150	97
2824	8.840203	6.133583	90
2825	5.007866	2.393142	79
2826	5.054308	4.447776	18
2827	5.660869	9.500620	5
2828	6.293534	9.784779	36
2829	8.102511	5.607883	32
2830	8.402751	8.835917	6
2831	3.786543	7.777868	2
2832	4.970570	4.572712	58
2833	1.072443	7.863304	87
2834	5.521724	8.089398	31
2835	4.778549	1.748772	64
2836	4.413566	7.969583	82
2837	5.108160	9.156442	54
2838	3.765793	7.695598	39
2839	2.670624	6.577097	41
2840	7.485647	6.382000	43
2841	6.775564	9.594295	91
2842	7.977908	7.533728	50
2843	7.005096	7.068760	36
2844	8.000008	7.116835	60
2845	5.133826	6.150394	68
2846	12.758684	3.785482	67
2847	7.372653	8.483538	55
2848	4.930523	8.093822	22
2849	5.152343	5.238198	94
2850	5.520571	7.857756	78
2851	7.720896	7.099321	97
2852	7.872356	7.313635	93
2853	1.058055	8.044658	41
2854	4.945303	1.512581	52
2855	7.556199	6.666198	93
2856	4.832220	9.650013	74
2857	7.411172	8.099947	35
2858	12.774506	4.599605	32
2859	5.416671	7.121245	68
2860	5.918929	9.289405	99
2861	5.063254	8.446408	19
2862	6.839844	7.976887	67
2863	5.766519	4.539024	3
2864	6.440152	6.773461	39
2865	5.277699	9.132390	55
2866	7.930604	7.341570	93
2867	5.155501	8.726100	17
2868	7.620512	8.182108	44
2869	7.569079	8.501996	59
2870	4.930523	8.093822	61
2871	4.957950	4.174195	91
2872	8.330801	5.645222	61
2873	9.110216	8.584192	16
2874	11.830437	4.789047	29
2875	5.169372	5.243158	5
2876	6.723272	7.390284	53
2877	4.808636	6.435086	58
2878	7.944244	6.749459	5
2879	5.025139	5.955758	64
2880	5.191398	2.593517	8
2881	12.626058	4.452987	15
2882	7.873384	8.271024	31
2883	8.219784	7.685314	43
2884	8.451009	8.825516	89
2885	5.389850	2.896858	89
2886	5.030039	7.101826	36
2887	5.002768	9.259153	72
2888	6.175921	4.102469	72
2889	4.971967	7.411082	94
2890	5.040150	8.000406	2
2891	7.834128	8.130070	77
2892	5.425072	7.665225	96
2893	11.920373	4.674630	44
2894	5.289816	6.189750	80
2895	0.476212	7.439462	20
2896	8.470244	8.047270	37
2897	4.825664	7.028651	3
2898	1.901411	6.961603	22
2899	5.441405	4.171622	59
2900	6.565808	6.883567	38
2901	8.080084	6.201327	44
2902	4.952066	8.201158	91
2903	5.665565	8.146495	17
2904	6.204091	8.742596	5
2905	5.043344	8.188354	7
2906	4.340619	1.647968	42
2907	5.944480	6.968651	50
2908	6.432228	8.029651	85
2909	8.668814	6.176692	24
2910	2.505077	8.035399	29
2911	6.700271	6.773831	99
2912	4.377624	1.706596	59
2913	6.028317	7.836449	86
2914	4.522826	8.192663	45
2915	1.073883	8.677702	77
2916	7.916467	9.408493	76
2917	6.194624	4.479635	44
2918	5.291731	5.214213	19
2919	8.157629	8.477182	3
2920	7.125766	6.819235	29
2921	4.417752	8.451456	10
2922	8.055258	7.525491	40
2923	5.918929	9.289405	18
2924	8.865326	7.838523	94
2925	8.970649	6.477727	93
2926	8.800054	6.545779	3
2927	6.666985	7.216473	42
2928	2.325953	6.430007	70
2929	4.681479	8.740653	94
2930	6.177895	7.565439	20
2931	6.797448	6.830845	7
2932	7.456792	6.738075	28
2933	6.364844	9.146600	55
2934	5.352253	7.673052	99
2935	4.812350	1.674415	7
2936	4.721341	9.385314	24
2937	7.296593	7.055342	43
2938	4.976793	7.767939	5
2939	5.460657	4.040031	64
2940	12.576988	4.662353	47
2941	8.760331	6.300996	2
2942	6.157347	4.028575	3
2943	5.908311	7.975006	59
2944	4.628302	8.738727	85
2945	5.293920	5.182906	70
2946	8.980893	8.499193	23
2947	4.583896	8.268216	38
2948	6.557598	8.039713	80
2949	5.969117	6.776523	91
2950	12.667851	4.032179	53
2951	5.636015	7.120129	82
2952	6.153079	8.622405	96
2953	5.454380	8.697285	51
2954	6.839844	7.976887	10
2955	8.554632	6.558650	64
2956	5.661558	7.282103	14
2957	8.245955	9.371487	54
2958	5.030039	7.101826	52
2959	7.790226	6.861537	56
2960	5.892212	8.087897	23
2961	8.628480	8.310594	54
2962	6.391084	9.365817	3
2963	8.357279	5.625590	9
2964	8.752010	6.662068	48
2965	5.021100	8.777581	96
2966	8.497093	8.004852	96
2967	6.603020	7.011031	57
2968	5.987909	3.888870	5
2969	5.040169	8.351675	89
2970	6.119024	9.676464	59
2971	5.355853	8.060343	63
2972	6.444602	9.866401	75
2973	4.746473	2.867437	74
2974	3.692942	10.132436	95
2975	12.879801	4.047050	87
2976	9.043175	7.586306	4
2977	5.264434	9.045763	77
2978	7.867122	7.354494	40
2979	7.392922	7.430981	25
2980	8.178837	8.922871	61
2981	9.261797	6.350342	35
2982	7.894596	8.741296	94
2983	4.898110	7.196326	35
2984	1.915496	6.523400	9
2985	7.665321	8.203487	5
2986	8.499894	5.834182	36
2987	7.890407	8.246030	97
2988	6.191307	7.143963	31
2989	6.234322	10.218120	35
2990	8.358440	8.226922	8
2991	5.856800	3.740687	34
2992	7.188772	7.786091	36
2993	8.688198	7.503591	65
2994	6.012890	7.616054	35
2995	8.497457	6.912190	43
2996	6.346248	7.972438	12
2997	4.575707	8.720778	93
2998	8.935859	8.583742	38
2999	6.809919	7.800880	7
3000	4.442728	8.504376	15
